275 -1 -1 -1 -1
0 461 363 549 439
1 461 362 549 438
2 461 362 549 438
3 461 362 549 438
4 462 362 548 437
5 463 361 549 436
6 462 361 548 436
7 461 360 547 435
8 461 360 547 435
9 461 359 549 435
10 459 358 549 436
11 458 356 550 435
12 458 355 550 434
13 458 355 550 434
14 457 355 549 434
15 456 353 549 434
16 456 352 551 434
17 456 352 549 433
18 456 351 548 430
19 455 349 548 430
20 454 348 549 430
21 455 348 548 429
22 455 347 548 428
23 455 345 548 426
24 454 344 549 426
25 454 344 547 425
26 453 343 548 425
27 454 345 546 424
28 454 346 546 425
29 455 347 543 423
30 453 345 543 423
31 450 342 543 423
32 450 343 543 424
33 450 342 543 423
34 451 344 543 423
35 452 344 542 422
36 451 342 541 420
37 452 343 540 419
38 452 343 540 419
39 452 343 538 418
40 450 341 538 417
41 449 340 539 418
42 449 341 537 417
43 450 340 538 416
44 449 339 539 417
45 450 339 538 415
46 450 337 538 413
47 449 336 537 412
48 449 334 537 410
49 448 332 536 408
50 448 332 536 408
51 448 331 536 407
52 448 327 536 403
53 448 322 536 398
54 448 320 536 396
55 448 315 534 390
56 448 315 534 390
57 448 310 534 385
58 447 305 535 381
59 446 297 536 375
60 446 295 536 373
61 446 292 538 371
62 446 292 538 371
63 446 288 538 367
64 448 285 540 364
65 450 280 542 359
66 448 278 541 359
67 448 277 541 358
68 447 276 542 358
69 447 274 542 356
70 447 270 544 354
71 450 270 545 352
72 450 264 547 348
73 450 263 547 347
74 450 262 549 348
75 451 261 548 345
76 450 256 549 342
77 452 255 551 341
78 452 253 551 339
79 453 250 552 336
80 453 249 552 335
81 454 246 553 332
82 454 244 553 330
83 453 240 554 327
84 454 237 555 324
85 455 234 554 320
86 456 234 555 320
87 456 232 555 318
88 457 230 556 316
89 457 227 556 313
90 458 222 557 308
91 460 222 559 308
92 460 222 559 308
93 461 219 558 303
94 461 217 558 301
95 462 215 559 299
96 463 213 560 297
97 464 210 561 294
98 464 210 561 294
99 465 207 562 291
100 465 205 562 289
101 466 203 563 287
102 467 199 564 283
103 466 198 563 282
104 466 198 563 282
105 467 194 564 278
106 467 190 564 274
107 468 189 565 273
108 468 188 565 272
109 468 183 565 267
110 468 184 565 268
111 468 182 565 266
112 467 180 564 264
113 467 177 564 261
114 466 174 563 258
115 467 173 564 257
116 467 173 564 257
117 466 171 563 255
118 466 169 563 253
119 466 167 563 251
120 467 166 564 250
121 467 164 564 248
122 467 163 564 247
123 466 162 563 246
124 467 161 564 245
125 466 160 563 244
126 467 159 564 243
127 466 158 563 242
128 467 158 564 242
129 466 158 563 242
130 467 157 564 241
131 467 158 564 242
132 468 160 565 244
133 468 161 565 245
134 467 160 564 244
135 467 162 564 246
136 467 166 564 250
137 468 169 567 255
138 466 165 565 251
139 462 151 561 237
140 463 150 560 234
141 459 137 556 221
142 455 123 552 207
143 451 115 548 199
144 450 107 545 189
145 445 100 540 182
146 446 101 541 183
147 442 93 539 177
148 438 88 535 172
149 438 85 535 169
150 433 79 530 163
151 430 76 527 160
152 430 76 527 160
153 428 73 525 157
154 424 70 521 154
155 420 70 517 154
156 418 73 515 157
157 414 74 511 158
158 415 76 510 158
159 413 77 508 159
160 408 77 505 161
161 406 79 503 163
162 402 80 499 164
163 398 82 495 166
164 398 82 495 166
165 397 84 494 168
166 392 85 489 169
167 389 86 486 170
168 385 88 482 172
169 382 90 479 174
170 383 90 480 174
171 380 91 477 175
172 377 92 474 176
173 374 94 471 178
174 372 95 469 179
175 368 96 465 180
176 368 96 465 180
177 365 98 462 182
178 363 98 460 182
179 360 100 457 184
180 356 103 453 187
181 354 104 451 188
182 354 104 451 188
183 350 104 447 188
184 349 108 444 190
185 346 108 441 190
186 343 110 438 192
187 341 113 434 194
188 341 112 434 193
189 338 113 431 194
190 335 115 428 196
191 332 115 427 197
192 329 116 424 198
193 327 117 422 199
194 326 118 421 200
195 324 119 419 201
196 321 120 416 202
197 320 121 415 203
198 317 122 412 204
199 315 123 410 205
200 315 124 410 206
201 312 125 407 207
202 310 126 405 208
203 308 128 403 210
204 306 129 401 211
205 304 129 401 213
206 303 129 400 213
207 301 130 398 214
208 299 131 396 215
209 297 132 394 216
210 294 133 393 219
211 292 133 393 220
212 292 133 393 220
213 289 134 390 221
214 287 135 388 222
215 286 136 387 223
216 284 138 383 224
217 282 140 381 226
218 283 140 382 226
219 283 141 380 225
220 279 142 376 226
221 279 142 376 226
222 276 144 371 226
223 274 145 371 229
224 274 145 371 229
225 272 145 369 229
226 270 147 367 231
227 269 147 366 231
228 267 148 364 232
229 265 149 362 233
230 265 148 364 234
231 264 150 361 234
232 262 150 361 236
233 260 152 359 238
234 259 152 358 238
235 257 155 354 239
236 257 154 354 238
237 256 154 353 238
238 255 156 350 238
239 253 156 350 240
240 252 157 349 241
241 251 158 348 242
242 251 158 348 242
243 250 160 347 244
244 249 161 346 245
245 248 162 343 244
246 247 163 342 245
247 246 163 341 245
248 246 163 341 245
249 245 163 340 245
250 244 164 339 246
251 243 165 338 247
252 242 166 337 248
253 241 167 336 249
254 241 166 336 248
255 240 167 335 249
256 239 168 334 250
257 237 168 334 252
258 237 169 332 251
259 237 170 332 252
260 237 170 332 252
261 236 170 333 254
262 235 171 332 255
263 234 171 331 255
264 234 172 331 256
265 233 172 332 258
266 233 173 330 257
267 233 173 330 257
268 232 174 329 258
269 232 174 329 258
270 232 175 327 257
271 231 175 328 259
272 231 175 328 259
273 231 176 326 258
274 231 177 326 259
