216 -1 -1 -1 -1
0 431 304 503 377
1 429 299 504 375
2 431 298 504 372
3 432 296 504 369
4 432 292 503 364
5 433 293 504 365
6 432 290 503 362
7 431 288 502 360
8 431 286 503 359
9 431 284 504 358
10 430 283 506 360
11 431 284 506 360
12 431 283 504 357
13 432 283 504 356
14 433 282 505 355
15 432 282 504 355
16 432 281 504 354
17 433 282 505 355
18 431 280 504 354
19 432 280 505 354
20 433 281 505 354
21 433 281 505 354
22 435 282 506 354
23 435 282 506 354
24 436 284 505 354
25 436 285 507 357
26 437 286 505 355
27 438 288 505 355
28 437 288 504 355
29 438 288 505 355
30 440 288 507 355
31 440 288 509 358
32 439 289 510 361
33 439 289 510 361
34 440 288 511 360
35 439 288 510 360
36 442 288 510 357
37 441 288 512 360
38 439 287 511 360
39 442 288 511 358
40 441 284 512 356
41 442 285 513 357
42 442 284 511 354
43 443 284 512 354
44 443 282 514 354
45 442 281 511 351
46 443 278 514 350
47 443 276 515 349
48 443 272 516 346
49 441 269 516 345
50 444 268 519 344
51 444 263 519 339
52 444 259 519 335
53 444 259 520 336
54 446 257 522 334
55 448 254 524 331
56 450 249 526 326
57 454 247 530 324
58 456 243 532 320
59 456 242 534 321
60 458 238 537 319
61 459 237 538 318
62 460 234 539 315
63 459 231 540 313
64 459 229 540 311
65 459 229 540 311
66 459 228 540 310
67 456 227 539 311
68 452 223 535 307
69 452 223 535 307
70 453 221 537 307
71 453 220 539 307
72 453 217 537 303
73 454 217 538 303
74 454 215 538 301
75 456 215 540 301
76 455 213 539 299
77 456 212 542 299
78 455 212 543 301
79 456 212 544 301
80 458 212 546 301
81 459 211 547 300
82 459 211 547 300
83 459 211 547 300
84 460 210 548 299
85 461 209 549 298
86 463 210 551 299
87 464 210 552 299
88 465 209 553 298
89 465 210 553 299
90 465 211 553 300
91 466 211 554 300
92 467 212 555 301
93 468 211 556 300
94 470 213 556 300
95 470 212 556 299
96 471 213 557 300
97 471 214 557 301
98 472 214 558 301
99 473 215 559 302
100 475 215 561 302
101 475 215 561 302
102 475 215 561 302
103 476 216 562 303
104 477 217 563 304
105 478 217 564 304
106 479 218 565 305
107 478 218 564 305
108 478 220 564 307
109 479 221 565 308
110 479 221 565 308
111 479 223 565 310
112 480 225 568 314
113 481 225 569 314
114 482 227 570 316
115 481 230 569 319
116 481 225 569 314
117 483 213 571 302
118 484 199 572 288
119 484 199 572 288
120 484 185 572 274
121 486 171 574 260
122 488 159 576 248
123 489 148 577 237
124 490 137 578 226
125 489 137 577 226
126 490 127 578 216
127 492 115 582 206
128 492 104 582 195
129 492 96 582 187
130 492 88 582 179
131 492 89 582 180
132 493 82 583 173
133 493 81 583 172
134 493 79 583 170
135 493 79 583 170
136 493 79 583 170
137 492 79 582 170
138 493 79 581 168
139 493 79 583 170
140 493 79 583 170
141 493 78 583 169
142 493 79 583 170
143 494 79 582 168
144 493 79 583 170
145 493 79 583 170
146 494 78 584 169
147 493 79 583 170
148 493 79 583 170
149 494 79 582 168
150 494 79 584 170
151 493 79 583 170
152 494 78 584 169
153 493 79 583 170
154 493 79 583 170
155 493 78 583 169
156 493 79 583 170
157 494 78 584 169
158 494 79 582 168
159 493 79 583 170
160 494 79 582 168
161 493 79 583 170
162 494 79 582 168
163 494 79 582 168
164 493 79 583 170
165 494 79 582 168
166 494 79 582 168
167 493 79 583 170
168 493 79 581 168
169 493 79 583 170
170 493 79 581 168
171 493 79 581 168
172 493 79 581 168
173 493 79 583 170
174 494 79 582 168
175 494 79 582 168
176 493 79 583 170
177 494 79 582 168
178 493 79 583 170
179 493 78 583 169
180 494 79 582 168
181 494 79 582 168
182 493 78 583 169
183 493 79 583 170
184 494 79 582 168
185 494 79 582 168
186 494 79 582 168
187 493 78 583 169
188 494 79 582 168
189 494 79 582 168
190 494 79 584 170
191 492 78 583 171
192 494 79 582 168
193 494 78 584 169
194 493 78 583 169
195 494 79 582 168
196 494 79 584 170
197 494 79 584 170
198 492 78 583 171
199 494 79 582 168
200 494 79 584 170
201 492 78 583 171
202 494 79 582 168
203 494 78 584 169
204 494 79 582 168
205 493 78 584 171
206 494 79 582 168
207 494 78 584 169
208 493 78 583 169
209 493 79 583 170
210 494 78 584 169
211 495 78 583 167
212 494 78 584 169
213 495 78 583 167
214 494 78 584 169
215 494 78 584 169
