522 -1 -1 -1 -1
0 767 443 850 513
1 766 442 851 513
2 767 443 850 513
3 767 443 850 513
4 766 442 851 513
5 766 442 851 513
6 764 440 852 514
7 762 438 854 515
8 762 438 855 517
9 762 437 857 517
10 760 435 859 519
11 761 437 856 517
12 759 433 860 518
13 760 433 865 522
14 760 434 863 521
15 765 437 862 519
16 768 438 860 515
17 766 436 859 515
18 767 436 860 515
19 765 434 862 516
20 764 433 865 518
21 764 430 865 515
22 764 429 867 516
23 764 429 867 516
24 766 429 865 513
25 763 427 862 511
26 764 427 865 512
27 763 427 864 512
28 764 428 863 512
29 764 428 863 512
30 764 429 865 514
31 763 429 864 514
32 763 428 866 515
33 763 429 866 516
34 763 429 868 518
35 763 430 866 517
36 764 432 865 517
37 764 431 865 516
38 763 431 864 516
39 765 432 864 516
40 765 434 864 518
41 763 433 864 518
42 762 433 865 520
43 762 433 865 520
44 762 433 867 522
45 762 433 867 522
46 763 434 868 523
47 762 434 867 523
48 763 436 866 523
49 762 436 867 525
50 762 436 865 523
51 761 435 866 524
52 761 435 866 524
53 762 435 867 524
54 762 434 869 525
55 762 434 867 523
56 762 433 867 522
57 763 434 868 523
58 764 433 869 522
59 765 431 870 520
60 764 430 869 519
61 765 428 870 517
62 764 427 869 516
63 764 426 869 515
64 764 424 869 513
65 765 422 870 511
66 764 421 869 510
67 767 417 872 506
68 766 417 871 506
69 767 418 870 505
70 769 414 872 501
71 770 413 873 500
72 770 411 873 498
73 771 409 874 496
74 772 409 873 494
75 773 408 874 493
76 772 405 873 490
77 773 401 874 486
78 773 399 874 484
79 771 397 872 482
80 772 397 871 481
81 772 396 871 480
82 770 394 869 478
83 769 393 868 477
84 769 392 868 476
85 772 391 869 473
86 772 390 871 474
87 773 389 872 473
88 772 388 871 472
89 765 387 864 471
90 765 386 866 471
91 766 384 867 469
92 767 385 866 469
93 771 384 868 466
94 773 384 868 464
95 770 381 867 463
96 768 381 865 463
97 763 380 862 464
98 763 380 862 464
99 761 379 860 463
100 763 378 862 462
101 764 379 863 463
102 767 377 866 461
103 766 376 865 460
104 765 376 864 460
105 764 375 863 459
106 762 375 861 459
107 760 374 859 458
108 760 373 859 457
109 760 372 859 456
110 760 373 857 455
111 760 373 857 455
112 760 372 857 454
113 760 373 857 455
114 759 373 856 455
115 757 372 854 454
116 757 372 854 454
117 754 371 851 453
118 755 370 852 452
119 753 370 850 452
120 753 370 850 452
121 752 368 849 450
122 752 368 849 450
123 750 368 847 450
124 750 366 847 448
125 748 365 845 447
126 747 362 846 446
127 745 358 846 443
128 745 358 846 443
129 744 356 845 441
130 743 354 844 439
131 743 352 844 437
132 743 350 844 435
133 742 347 843 432
134 743 346 844 431
135 741 343 842 428
136 740 338 841 423
137 739 337 840 422
138 737 333 838 418
139 738 329 839 414
140 737 329 838 414
141 736 326 837 411
142 733 323 834 408
143 733 321 834 406
144 734 316 835 401
145 732 313 833 398
146 733 313 834 398
147 733 311 834 396
148 731 306 832 391
149 730 304 831 389
150 729 301 830 386
151 728 299 829 384
152 729 298 830 383
153 729 295 830 380
154 727 292 828 377
155 728 289 829 374
156 726 287 827 372
157 725 284 826 369
158 724 284 825 369
159 724 281 825 366
160 723 279 824 364
161 723 278 824 363
162 721 276 822 361
163 720 273 821 358
164 720 274 819 358
165 720 271 819 355
166 718 271 817 355
167 717 269 816 353
168 716 266 815 350
169 715 264 814 348
170 714 265 813 349
171 714 263 813 347
172 714 262 813 346
173 714 261 811 343
174 714 259 811 341
175 712 258 809 340
176 713 258 810 340
177 712 256 809 338
178 711 256 808 338
179 709 254 806 336
180 707 253 804 335
181 706 251 803 333
182 707 252 804 334
183 706 251 803 333
184 705 249 802 331
185 704 247 801 329
186 703 247 800 329
187 703 247 798 327
188 702 247 797 327
189 700 245 797 327
190 700 246 797 328
191 699 244 796 326
192 698 243 795 325
193 697 242 794 324
194 696 242 793 324
195 695 241 792 323
196 695 241 792 323
197 694 240 791 322
198 694 241 789 321
199 693 239 788 319
200 693 239 788 319
201 692 238 787 318
202 691 238 786 318
203 690 237 785 317
204 689 236 784 316
205 688 236 783 316
206 688 237 783 317
207 687 236 782 316
208 686 235 781 315
209 685 235 780 315
210 685 236 780 316
211 684 235 779 315
212 684 235 779 315
213 683 234 778 314
214 683 234 778 314
215 682 233 777 313
216 682 231 777 311
217 680 230 775 310
218 680 230 775 310
219 680 230 773 309
220 679 229 772 308
221 679 227 772 306
222 679 224 772 303
223 677 222 770 301
224 676 221 769 300
225 676 220 769 299
226 676 216 769 295
227 674 215 767 294
228 674 210 767 289
229 673 207 766 286
230 673 207 766 286
231 672 204 765 283
232 671 201 764 280
233 670 197 763 276
234 670 195 763 274
235 669 193 762 272
236 668 192 761 271
237 668 189 761 268
238 667 187 760 266
239 668 184 760 261
240 667 181 759 258
241 667 179 759 256
242 667 178 759 255
243 665 176 757 253
244 664 174 756 251
245 664 172 756 249
246 663 170 755 247
247 661 167 753 244
248 662 167 754 244
249 661 166 753 243
250 659 164 751 241
251 658 162 750 239
252 658 162 748 238
253 657 159 747 235
254 657 159 747 235
255 656 157 746 233
256 656 156 746 232
257 654 155 744 231
258 653 154 743 230
259 653 153 743 229
260 652 153 742 229
261 651 152 741 228
262 650 151 740 227
263 650 149 740 225
264 649 148 739 224
265 647 148 737 224
266 647 148 737 224
267 646 147 736 223
268 645 146 735 222
269 645 146 735 222
270 644 145 734 221
271 643 144 733 220
272 644 145 732 219
273 643 144 731 218
274 642 143 730 217
275 641 143 729 217
276 641 142 729 216
277 640 143 728 217
278 640 143 728 217
279 639 143 727 217
280 638 144 726 218
281 636 145 724 219
282 636 146 724 220
283 637 150 723 223
284 637 150 723 223
285 636 152 722 225
286 636 156 722 229
287 635 158 721 231
288 634 162 720 235
289 635 162 721 235
290 635 163 721 236
291 636 164 722 237
292 639 165 725 238
293 642 164 728 237
294 643 166 729 239
295 648 168 734 241
296 648 168 734 241
297 649 171 735 244
298 652 173 738 246
299 654 174 740 247
300 657 179 743 252
301 659 180 745 253
302 658 180 744 253
303 661 182 747 255
304 663 184 749 257
305 665 186 751 259
306 669 189 755 262
307 670 190 756 263
308 670 190 756 263
309 674 193 760 266
310 675 195 761 268
311 677 197 763 270
312 679 198 765 271
313 681 199 767 272
314 681 199 767 272
315 683 200 769 273
316 686 202 772 275
317 688 203 774 276
318 690 204 776 277
319 692 206 778 279
320 693 206 779 279
321 694 206 780 279
322 697 207 783 280
323 699 207 785 280
324 700 207 786 280
325 703 207 789 280
326 704 207 790 280
327 705 208 791 281
328 706 207 792 280
329 708 210 794 283
330 710 210 796 283
331 713 210 799 283
332 713 211 799 284
333 715 210 801 283
334 716 211 802 284
335 718 211 804 284
336 720 212 806 285
337 722 213 808 286
338 722 213 808 286
339 724 213 810 286
340 726 215 812 288
341 727 215 813 288
342 729 216 815 289
343 731 219 817 292
344 731 219 817 292
345 731 220 817 293
346 733 223 819 296
347 734 225 820 298
348 734 228 820 301
349 736 232 822 305
350 736 231 822 304
351 737 236 823 309
352 738 241 824 314
353 738 246 824 319
354 738 250 824 323
355 739 255 825 328
356 740 255 826 328
357 740 259 826 332
358 741 263 827 336
359 741 264 827 337
360 742 265 828 338
361 742 265 827 336
362 742 265 827 336
363 742 265 825 335
364 743 265 826 335
365 742 265 825 335
366 742 265 825 335
367 743 265 826 335
368 743 266 826 336
369 743 265 826 335
370 744 264 827 334
371 744 263 827 333
372 744 263 827 333
373 745 263 828 333
374 745 263 828 333
375 745 262 828 332
376 746 262 829 332
377 745 262 828 332
378 746 262 829 332
379 746 262 829 332
380 746 262 829 332
381 746 262 829 332
382 747 262 830 332
383 747 262 830 332
384 747 261 830 331
385 748 261 831 331
386 747 261 830 331
387 748 262 831 332
388 747 261 830 331
389 747 261 830 331
390 748 261 831 331
391 748 260 831 330
392 749 260 832 330
393 749 261 832 331
394 748 261 831 331
395 748 260 831 330
396 749 261 832 331
397 749 261 832 331
398 749 261 832 331
399 749 261 832 331
400 749 260 832 330
401 749 261 832 331
402 749 261 832 331
403 749 261 832 331
404 749 260 832 330
405 749 260 832 330
406 749 261 832 331
407 748 261 831 331
408 749 261 832 331
409 749 260 832 330
410 749 260 832 330
411 749 261 832 331
412 749 261 832 331
413 749 261 832 331
414 749 261 832 331
415 749 261 832 331
416 749 261 832 331
417 749 261 832 331
418 749 261 832 331
419 749 261 832 331
420 750 261 833 331
421 749 260 832 330
422 750 260 833 330
423 750 260 833 330
424 750 260 833 330
425 749 260 832 330
426 750 260 833 330
427 750 260 833 330
428 750 260 833 330
429 750 261 833 331
430 750 261 833 331
431 749 261 832 331
432 750 261 833 331
433 750 261 833 331
434 750 261 833 331
435 750 261 833 331
436 750 261 833 331
437 749 261 832 331
438 750 261 833 331
439 750 261 833 331
440 750 261 833 331
441 750 261 833 331
442 750 261 833 331
443 750 261 833 331
444 750 261 833 331
445 750 261 833 331
446 750 261 833 331
447 750 261 833 331
448 750 261 833 331
449 750 261 833 331
450 750 261 833 331
451 749 261 832 331
452 750 261 833 331
453 750 261 833 331
454 749 261 832 331
455 750 261 833 331
456 750 261 833 331
457 750 261 831 330
458 750 261 833 331
459 750 261 833 331
460 750 261 833 331
461 750 261 831 330
462 750 261 833 331
463 750 261 833 331
464 750 261 833 331
465 750 261 833 331
466 750 261 833 331
467 750 261 833 331
468 750 261 833 331
469 750 261 833 331
470 750 261 833 331
471 750 261 833 331
472 750 261 833 331
473 750 261 833 331
474 750 261 833 331
475 750 260 833 330
476 750 261 833 331
477 750 261 833 331
478 750 261 833 331
479 750 260 833 330
480 750 261 833 331
481 751 261 834 331
482 750 261 833 331
483 751 261 834 331
484 750 261 833 331
485 750 260 833 330
486 750 261 833 331
487 751 261 834 331
488 750 261 833 331
489 750 261 833 331
490 750 261 833 331
491 750 261 833 331
492 750 261 833 331
493 750 261 833 331
494 750 261 833 331
495 750 261 833 331
496 750 261 833 331
497 750 261 833 331
498 750 261 833 331
499 750 261 833 331
500 751 261 834 331
501 750 261 833 331
502 750 260 833 330
503 750 261 833 331
504 750 261 833 331
505 750 261 833 331
506 750 261 833 331
507 751 261 834 331
508 750 261 833 331
509 750 261 833 331
510 750 261 833 331
511 751 261 834 331
512 750 260 833 330
513 751 261 834 331
514 750 261 833 331
515 751 261 834 331
516 750 260 833 330
517 750 261 833 331
518 751 261 834 331
519 749 260 834 331
520 751 261 834 331
521 749 260 834 331
