337 -1 -1 -1 -1
0 656 328 730 393
1 656 328 730 393
2 657 327 731 392
3 659 326 733 391
4 661 325 735 390
5 662 323 736 388
6 662 321 735 385
7 663 322 733 383
8 660 319 733 383
9 666 318 740 383
10 670 313 743 377
11 670 313 744 378
12 665 315 740 381
13 653 316 730 384
14 654 318 731 386
15 656 308 733 376
16 668 308 742 373
17 666 306 741 372
18 668 307 742 372
19 665 306 739 371
20 665 306 739 371
21 661 306 735 371
22 668 305 742 370
23 669 306 742 370
24 673 307 744 369
25 671 306 741 367
26 668 301 739 363
27 669 301 739 362
28 668 299 739 361
29 668 299 739 361
30 674 297 748 362
31 675 298 749 363
32 673 297 748 363
33 670 297 745 363
34 670 297 745 363
35 670 297 745 363
36 670 296 745 362
37 669 295 746 363
38 668 295 747 364
39 668 295 743 361
40 669 296 743 361
41 669 297 742 361
42 670 297 744 362
43 673 298 744 360
44 673 299 744 361
45 676 300 746 361
46 674 297 744 358
47 673 297 746 361
48 674 299 747 363
49 674 299 745 361
50 678 299 751 363
51 679 300 753 365
52 675 300 749 365
53 675 299 749 364
54 672 299 746 364
55 672 299 747 365
56 673 299 748 365
57 680 300 755 366
58 681 300 756 366
59 682 300 756 365
60 680 300 754 365
61 682 299 755 363
62 682 299 755 363
63 683 298 756 362
64 689 298 760 360
65 690 297 761 359
66 683 297 756 361
67 679 304 752 368
68 680 296 753 360
69 679 295 750 357
70 683 300 754 362
71 683 300 754 362
72 684 297 757 361
73 683 292 756 356
74 682 295 756 360
75 682 293 756 358
76 683 295 756 359
77 683 296 756 360
78 690 295 763 359
79 689 293 762 357
80 688 288 761 352
81 687 286 761 351
82 685 283 759 348
83 686 283 760 348
84 687 285 760 349
85 687 285 760 349
86 688 286 761 350
87 689 283 762 347
88 690 287 763 351
89 689 286 762 350
90 688 286 761 350
91 693 286 766 350
92 693 285 766 349
93 692 281 765 345
94 690 281 763 345
95 691 281 764 345
96 691 279 764 343
97 694 274 767 338
98 694 276 767 340
99 696 276 770 341
100 696 272 769 336
101 697 272 770 336
102 696 269 769 333
103 698 268 771 332
104 698 266 771 330
105 698 264 771 328
106 698 261 771 325
107 699 260 772 324
108 699 256 772 320
109 698 251 771 315
110 699 251 772 315
111 684 257 757 321
112 684 253 757 317
113 684 253 757 317
114 684 251 758 316
115 682 246 756 311
116 682 242 756 307
117 682 239 756 304
118 682 234 756 299
119 682 235 756 300
120 688 234 762 299
121 688 230 761 294
122 690 225 763 289
123 691 222 764 286
124 690 222 763 286
125 690 221 763 285
126 690 217 763 281
127 690 213 761 275
128 690 212 761 274
129 688 209 759 271
130 683 197 756 261
131 683 198 756 262
132 685 197 758 261
133 683 198 756 262
134 683 196 757 261
135 683 194 757 259
136 683 193 757 258
137 683 192 758 258
138 683 191 757 256
139 683 189 757 254
140 683 186 757 251
141 683 187 757 252
142 684 186 758 251
143 685 188 758 252
144 686 187 759 251
145 686 187 759 251
146 687 187 760 251
147 687 187 760 251
148 685 187 758 251
149 686 187 759 251
150 692 184 765 248
151 692 186 765 250
152 691 185 764 249
153 690 186 763 250
154 690 187 763 251
155 689 187 762 251
156 690 187 763 251
157 690 187 763 251
158 691 190 762 252
159 689 189 762 253
160 689 190 762 254
161 688 190 761 254
162 689 190 762 254
163 688 191 761 255
164 687 194 760 258
165 687 196 760 260
166 689 198 760 260
167 687 198 758 260
168 688 199 759 261
169 689 202 760 264
170 689 204 760 266
171 687 208 758 270
172 686 211 757 273
173 686 211 757 273
174 685 215 756 277
175 685 220 756 282
176 685 224 756 286
177 684 228 755 290
178 684 232 755 294
179 685 231 756 293
180 683 237 754 299
181 683 242 754 304
182 683 247 754 309
183 683 255 754 317
184 683 262 754 324
185 682 262 753 324
186 682 270 753 332
187 681 280 752 342
188 682 290 753 352
189 681 303 752 365
190 681 315 752 377
191 681 315 752 377
192 681 329 752 391
193 682 341 753 403
194 681 354 752 416
195 682 363 753 425
196 680 376 753 440
197 682 376 755 440
198 682 389 753 451
199 682 400 753 462
200 682 411 753 473
201 682 424 753 486
202 683 436 754 498
203 683 436 754 498
204 683 447 754 509
205 684 459 755 521
206 684 471 755 533
207 684 483 755 545
208 685 495 756 557
209 686 496 757 558
210 686 497 757 559
211 686 498 757 560
212 686 497 757 559
213 686 497 757 559
214 685 496 756 558
215 685 496 756 558
216 685 497 756 559
217 685 497 756 559
218 685 497 755 558
219 685 497 755 558
220 685 497 755 558
221 684 497 754 558
222 684 498 754 559
223 684 497 754 558
224 684 497 754 558
225 684 497 754 558
226 684 497 754 558
227 684 497 754 558
228 684 497 754 558
229 684 498 754 559
230 684 497 754 558
231 684 497 754 558
232 684 497 754 558
233 684 498 754 559
234 684 497 754 558
235 684 497 754 558
236 684 497 754 558
237 684 497 754 558
238 684 498 754 559
239 684 497 754 558
240 683 498 753 559
241 683 498 753 559
242 683 498 753 559
243 683 498 753 559
244 683 498 753 559
245 683 498 753 559
246 683 498 753 559
247 683 498 753 559
248 683 498 753 559
249 683 498 753 559
250 683 498 753 559
251 683 498 753 559
252 683 498 753 559
253 683 497 753 558
254 683 498 753 559
255 683 497 753 558
256 683 498 753 559
257 683 497 753 558
258 683 498 753 559
259 683 498 753 559
260 683 498 753 559
261 683 498 753 559
262 683 498 753 559
263 683 498 753 559
264 683 498 753 559
265 683 498 753 559
266 683 498 753 559
267 683 498 753 559
268 683 498 753 559
269 683 498 753 559
270 684 499 752 559
271 684 500 752 560
272 683 499 753 560
273 683 500 751 560
274 684 500 752 560
275 684 500 752 560
276 683 500 751 560
277 684 500 752 560
278 683 499 753 560
279 683 500 751 560
280 684 500 752 560
281 683 499 753 560
282 683 500 751 560
283 684 500 752 560
284 683 499 753 560
285 683 499 751 559
286 684 499 752 559
287 683 499 753 560
288 684 499 752 559
289 683 499 753 560
290 683 499 751 559
291 684 499 752 559
292 683 498 753 559
293 682 498 752 559
294 683 499 751 559
295 684 499 752 559
296 683 499 753 560
297 683 499 751 559
298 683 498 753 559
299 683 499 751 559
300 683 499 751 559
301 683 500 750 559
302 683 499 751 559
303 683 499 751 559
304 683 499 751 559
305 683 500 750 559
306 683 499 751 559
307 683 500 750 559
308 685 500 749 557
309 684 500 748 557
310 684 500 748 557
311 684 501 747 556
312 684 500 748 557
313 684 501 748 558
314 684 501 747 556
315 684 501 748 558
316 684 501 747 556
317 684 501 748 558
318 684 501 748 558
319 684 501 747 556
320 684 501 748 558
321 684 501 748 558
322 684 501 747 556
323 684 501 748 558
324 684 501 747 556
325 684 501 748 558
326 684 500 748 557
327 684 500 748 557
328 684 500 748 557
329 684 501 747 556
330 685 501 748 556
331 685 500 749 557
332 685 500 749 557
333 685 500 749 557
334 685 500 749 557
335 685 500 748 555
336 685 501 749 558
