632 -1 -1 -1 -1
0 748 273 821 338
1 747 273 820 338
2 747 273 820 338
3 747 274 820 339
4 746 273 819 338
5 746 274 818 338
6 744 273 817 338
7 744 274 817 339
8 744 275 814 337
9 744 276 813 337
10 742 274 812 336
11 742 275 812 337
12 742 276 811 337
13 739 275 811 339
14 741 276 810 337
15 741 277 808 337
16 741 276 808 336
17 741 276 808 336
18 741 277 807 336
19 740 276 805 334
20 741 277 806 335
21 741 277 806 335
22 741 277 806 335
23 741 277 806 335
24 739 276 806 336
25 741 277 808 337
26 741 278 807 337
27 740 277 806 336
28 739 277 805 336
29 740 277 806 336
30 739 278 804 336
31 740 279 805 337
32 739 279 804 337
33 739 279 804 337
34 739 278 805 337
35 738 278 804 337
36 738 279 803 337
37 739 281 803 338
38 738 281 800 336
39 738 282 802 339
40 739 283 800 337
41 738 283 799 337
42 739 285 799 338
43 737 285 797 338
44 738 287 797 339
45 738 288 796 339
46 738 288 794 338
47 738 291 793 340
48 738 292 792 340
49 739 293 792 340
50 738 294 791 341
51 737 293 791 341
52 737 294 791 342
53 758 298 813 347
54 758 299 813 348
55 758 300 814 350
56 756 301 814 352
57 757 302 813 352
58 755 302 813 353
59 756 303 815 355
60 756 304 814 355
61 755 305 813 356
62 755 307 813 358
63 755 306 813 357
64 754 308 812 359
65 753 308 812 360
66 753 309 812 361
67 755 310 814 362
68 753 312 812 364
69 754 314 812 365
70 755 315 811 365
71 754 316 809 365
72 754 316 810 366
73 753 317 809 367
74 752 318 810 369
75 751 318 809 369
76 751 319 807 369
77 748 321 806 372
78 748 322 806 373
79 748 322 806 373
80 746 323 804 374
81 746 323 805 375
82 746 324 804 375
83 746 324 804 375
84 745 325 803 376
85 744 326 802 377
86 743 325 801 376
87 742 325 801 377
88 741 325 800 377
89 741 324 800 376
90 737 323 796 375
91 738 323 797 375
92 737 323 796 375
93 736 323 795 375
94 735 321 795 374
95 734 320 794 373
96 734 320 795 374
97 733 318 795 373
98 733 318 794 372
99 733 318 794 372
100 732 316 793 370
101 731 315 792 369
102 731 315 792 369
103 729 314 790 368
104 728 314 789 368
105 728 314 789 368
106 726 314 787 368
107 727 313 788 367
108 725 312 786 366
109 724 312 785 366
110 723 310 785 365
111 722 309 786 366
112 721 308 785 365
113 721 308 785 365
114 720 307 784 364
115 719 306 783 363
116 718 305 782 362
117 718 305 782 362
118 716 304 780 361
119 715 303 779 360
120 714 303 778 360
121 714 303 778 360
122 713 301 777 358
123 712 302 776 359
124 711 300 775 357
125 710 300 774 357
126 710 299 774 356
127 709 298 773 355
128 708 296 772 353
129 708 295 772 352
130 707 294 771 351
131 706 292 771 350
132 706 291 771 349
133 706 289 771 347
134 706 288 771 346
135 706 288 771 346
136 704 286 769 344
137 704 285 769 343
138 703 283 768 341
139 702 279 767 337
140 702 277 767 335
141 702 277 767 335
142 701 275 766 333
143 701 273 766 331
144 701 271 766 329
145 701 269 766 327
146 701 267 766 325
147 700 267 765 325
148 697 265 762 323
149 696 263 761 321
150 697 262 762 320
151 696 259 761 317
152 696 259 761 317
153 696 258 761 316
154 695 256 759 313
155 695 255 757 310
156 695 254 757 309
157 695 254 757 309
158 694 253 756 308
159 694 253 755 307
160 693 252 754 306
161 693 251 754 305
162 692 249 754 304
163 692 247 754 302
164 690 247 752 302
165 690 246 752 301
166 689 245 751 300
167 689 244 751 299
168 688 242 750 297
169 687 241 749 296
170 687 239 749 294
171 686 239 748 294
172 687 237 749 292
173 685 238 747 293
174 684 237 746 292
175 682 235 744 290
176 682 234 744 289
177 682 233 744 288
178 682 232 744 287
179 681 231 743 286
180 679 230 741 285
181 678 231 740 286
182 676 230 738 285
183 676 231 738 286
184 675 229 739 286
185 674 227 738 284
186 673 227 737 284
187 673 226 737 283
188 672 225 736 282
189 672 224 736 281
190 671 224 735 281
191 670 223 734 280
192 670 222 734 279
193 670 221 732 276
194 669 220 731 275
195 669 220 731 275
196 669 220 731 275
197 668 219 730 274
198 667 218 729 273
199 666 217 728 272
200 666 216 728 271
201 666 216 728 271
202 664 215 726 270
203 664 214 726 269
204 664 213 726 268
205 664 211 726 266
206 662 210 724 265
207 662 210 724 265
208 662 209 724 264
209 661 207 723 262
210 659 207 721 262
211 658 207 720 262
212 657 204 719 259
213 658 204 720 259
214 657 202 719 257
215 656 201 718 256
216 655 200 717 255
217 654 199 716 254
218 654 197 716 252
219 654 198 715 252
220 654 196 715 250
221 653 194 714 248
222 652 192 713 246
223 650 190 711 244
224 650 188 711 242
225 650 188 711 242
226 649 186 710 240
227 649 184 710 238
228 648 182 709 236
229 647 180 708 234
230 646 178 707 232
231 647 178 708 232
232 646 177 707 231
233 645 173 706 227
234 644 171 705 225
235 645 168 706 222
236 642 167 704 222
237 642 167 704 222
238 642 164 704 219
239 641 163 703 218
240 641 163 703 218
241 640 162 702 217
242 638 160 700 215
243 637 160 699 215
244 637 158 699 213
245 636 156 698 211
246 637 154 699 209
247 636 153 698 208
248 636 151 698 206
249 635 150 697 205
250 634 149 696 204
251 634 147 696 202
252 633 146 695 201
253 632 144 694 199
254 631 142 693 197
255 631 142 693 197
256 631 141 693 196
257 630 139 692 194
258 630 137 692 192
259 628 136 690 191
260 628 134 690 189
261 628 134 690 189
262 627 133 689 188
263 626 132 688 187
264 626 130 688 185
265 625 129 687 184
266 624 126 686 181
267 624 126 686 181
268 624 125 686 180
269 623 125 685 180
270 622 124 684 179
271 621 122 683 177
272 620 121 682 176
273 620 120 682 175
274 620 119 682 174
275 619 118 681 173
276 618 117 680 172
277 617 116 679 171
278 617 115 679 170
279 616 114 678 169
280 616 114 678 169
281 616 114 678 169
282 615 113 677 168
283 614 112 676 167
284 614 112 676 167
285 613 111 675 166
286 613 111 675 166
287 613 110 675 165
288 611 109 673 164
289 611 109 673 164
290 611 107 673 162
291 611 107 673 162
292 610 107 672 162
293 609 105 671 160
294 608 105 670 160
295 607 105 669 160
296 607 104 669 159
297 607 103 669 158
298 606 102 668 157
299 605 101 667 156
300 603 101 665 156
301 603 102 664 156
302 603 100 664 154
303 603 100 664 154
304 603 100 664 154
305 601 99 662 153
306 601 99 662 153
307 599 99 660 153
308 599 100 659 153
309 599 99 659 152
310 598 99 658 152
311 598 99 658 152
312 597 97 658 151
313 596 97 657 151
314 595 98 656 152
315 596 98 657 152
316 595 98 656 152
317 595 98 656 152
318 593 99 654 153
319 593 99 654 153
320 592 99 653 153
321 592 99 653 153
322 592 100 653 154
323 592 99 653 153
324 590 98 652 153
325 590 98 652 153
326 590 98 652 153
327 590 99 652 154
328 590 98 652 153
329 589 100 651 155
330 586 101 648 156
331 586 101 648 156
332 586 102 648 157
333 586 102 648 157
334 586 102 648 157
335 585 102 647 157
336 584 102 646 157
337 584 103 646 158
338 582 104 644 159
339 584 105 645 159
340 583 105 644 159
341 583 105 644 159
342 583 106 644 160
343 581 108 642 162
344 582 108 643 162
345 581 107 642 161
346 580 108 641 162
347 580 109 640 162
348 580 109 640 162
349 579 110 640 164
350 579 111 640 165
351 579 112 640 166
352 579 114 640 168
353 578 115 639 169
354 578 116 639 170
355 577 119 638 173
356 578 120 639 174
357 577 120 638 174
358 577 123 638 177
359 577 126 638 180
360 574 128 636 183
361 574 133 635 187
362 573 136 634 190
363 574 136 635 190
364 572 139 633 193
365 573 142 634 196
366 573 144 634 198
367 573 148 634 202
368 572 151 633 205
369 572 151 633 205
370 571 153 632 207
371 571 157 632 211
372 571 159 632 213
373 569 162 630 216
374 568 166 629 220
375 567 167 628 221
376 567 167 628 221
377 566 170 627 224
378 566 172 627 226
379 564 174 625 228
380 562 178 623 232
381 562 177 623 231
382 562 181 623 235
383 563 184 624 238
384 561 186 622 240
385 561 188 622 242
386 559 190 620 244
387 560 190 621 244
388 560 192 621 246
389 559 195 620 249
390 558 196 619 250
391 557 197 618 251
392 557 199 618 253
393 557 199 618 253
394 555 201 616 255
395 555 204 616 258
396 555 205 616 259
397 554 209 615 263
398 553 214 614 268
399 553 214 614 268
400 553 218 614 272
401 552 221 613 275
402 552 223 613 277
403 552 227 613 281
404 552 231 613 285
405 551 231 612 285
406 552 234 613 288
407 551 237 612 291
408 552 238 613 292
409 551 242 612 296
410 552 244 613 298
411 552 245 612 298
412 552 247 612 300
413 552 250 612 303
414 552 252 612 305
415 551 254 612 308
416 551 257 612 311
417 551 257 612 311
418 551 260 612 314
419 550 264 611 318
420 550 265 611 319
421 549 269 610 323
422 548 271 609 325
423 548 270 609 324
424 547 272 608 326
425 547 275 608 329
426 546 278 607 332
427 545 280 606 334
428 545 284 606 338
429 545 284 606 338
430 544 286 604 339
431 543 289 603 342
432 543 291 603 344
433 542 294 602 347
434 541 297 601 350
435 541 297 601 350
436 540 299 600 352
437 540 302 600 355
438 540 304 600 357
439 539 306 599 359
440 539 309 599 362
441 540 310 600 363
442 540 313 600 366
443 539 314 599 367
444 539 317 599 370
445 539 320 599 373
446 538 322 598 375
447 539 322 599 375
448 538 324 598 377
449 538 324 598 377
450 538 326 598 379
451 538 329 598 382
452 535 330 595 383
453 535 330 595 383
454 535 334 595 387
455 535 338 595 391
456 534 338 594 391
457 535 340 595 393
458 534 342 594 395
459 533 343 593 396
460 533 344 593 397
461 533 347 593 400
462 533 349 593 402
463 532 351 592 404
464 538 347 598 400
465 539 347 599 400
466 540 349 600 402
467 539 352 599 405
468 540 353 600 406
469 538 353 598 406
470 538 355 598 408
471 537 355 597 408
472 538 356 598 409
473 538 357 598 410
474 539 357 599 410
475 538 359 598 412
476 523 375 583 428
477 526 377 586 430
478 527 380 587 433
479 527 380 587 433
480 523 378 583 431
481 522 379 582 432
482 522 381 581 433
483 524 379 583 431
484 523 382 582 434
485 522 383 582 436
486 522 385 582 438
487 522 390 582 443
488 522 387 582 440
489 523 390 583 443
490 523 392 583 445
491 522 392 582 445
492 522 390 582 443
493 522 390 582 443
494 521 390 581 443
495 521 390 581 443
496 521 395 582 449
497 521 394 582 448
498 521 397 582 451
499 520 397 581 451
500 520 399 581 453
501 520 399 581 453
502 519 400 580 454
503 519 401 580 455
504 519 403 579 456
505 517 404 578 458
506 517 407 578 461
507 517 406 578 460
508 516 408 577 462
509 517 409 578 463
510 518 409 579 463
511 518 410 579 464
512 517 411 578 465
513 517 412 578 466
514 516 413 577 467
515 517 412 578 466
516 517 413 578 467
517 518 413 579 467
518 517 413 578 467
519 517 414 578 468
520 517 414 578 468
521 516 414 577 468
522 516 415 577 469
523 516 415 577 469
524 515 415 576 469
525 515 415 576 469
526 515 416 576 470
527 514 416 575 470
528 513 418 574 472
529 514 419 575 473
530 513 420 574 474
531 514 419 575 473
532 514 419 575 473
533 513 420 574 474
534 514 420 575 474
535 514 420 575 474
536 514 419 575 473
537 513 420 574 474
538 514 420 575 474
539 514 420 575 474
540 513 419 574 473
541 514 420 574 473
542 514 420 574 473
543 514 420 574 473
544 514 420 574 473
545 513 420 573 473
546 513 420 573 473
547 514 420 573 472
548 514 420 573 472
549 514 420 574 473
550 513 420 573 473
551 514 420 573 472
552 513 420 573 473
553 512 419 573 473
554 514 420 574 473
555 513 419 573 472
556 513 420 573 473
557 513 419 573 472
558 513 419 573 472
559 513 420 573 473
560 513 419 573 472
561 513 420 573 473
562 513 419 573 472
563 513 419 573 472
564 513 420 573 473
565 513 419 573 472
566 513 420 573 473
567 513 419 573 472
568 513 419 573 472
569 513 419 573 472
570 513 420 573 473
571 513 420 573 473
572 514 420 574 473
573 513 419 573 472
574 513 419 573 472
575 513 420 573 473
576 513 420 573 473
577 513 419 573 472
578 513 419 573 472
579 513 420 573 473
580 513 420 573 473
581 513 419 573 472
582 513 420 573 473
583 514 420 573 472
584 513 419 573 472
585 513 420 573 473
586 513 420 572 472
587 513 419 573 472
588 514 420 573 472
589 513 419 573 472
590 513 420 573 473
591 513 420 572 472
592 513 419 573 472
593 514 420 573 472
594 513 419 573 472
595 513 420 573 473
596 513 419 573 472
597 513 420 573 473
598 513 419 573 472
599 513 419 573 472
600 513 419 573 472
601 514 420 573 472
602 513 419 573 472
603 513 420 573 473
604 514 420 573 472
605 513 420 573 473
606 514 420 573 472
607 513 419 573 472
608 513 419 573 472
609 513 419 573 472
610 513 419 573 472
611 514 420 573 472
612 513 419 573 472
613 513 419 573 472
614 513 419 573 472
615 513 419 573 472
616 513 419 573 472
617 513 419 573 472
618 513 419 573 472
619 513 419 573 472
620 513 420 573 473
621 513 419 573 472
622 513 419 573 472
623 514 420 573 472
624 513 419 573 472
625 513 419 573 472
626 513 419 573 472
627 513 419 573 472
628 513 420 573 473
629 513 419 573 472
630 513 420 573 473
631 513 419 574 473
