373 -1 -1 -1 -1
0 803 327 882 394
1 803 327 882 394
2 803 327 884 395
3 804 328 883 395
4 804 328 883 395
5 804 328 885 396
6 802 328 884 398
7 802 328 888 401
8 802 328 889 402
9 802 327 889 401
10 802 327 889 401
11 804 329 888 400
12 805 331 887 401
13 807 333 886 400
14 808 333 887 400
15 808 334 887 401
16 809 336 886 402
17 811 337 885 400
18 810 340 884 403
19 811 341 884 403
20 811 341 884 403
21 811 342 885 405
22 811 342 885 405
23 812 345 885 407
24 811 344 885 407
25 811 345 885 408
26 811 345 885 408
27 811 344 887 408
28 812 345 886 408
29 813 346 887 409
30 814 345 888 408
31 815 346 889 409
32 816 347 889 409
33 815 346 889 409
34 815 345 892 411
35 813 343 894 411
36 814 343 896 413
37 815 344 897 414
38 815 344 897 414
39 815 345 897 415
40 815 346 897 416
41 813 346 897 417
42 816 348 898 418
43 816 348 898 418
44 816 348 898 418
45 818 350 899 418
46 817 350 899 420
47 816 350 900 421
48 816 350 902 423
49 818 352 902 423
50 818 352 902 423
51 818 352 904 425
52 818 354 902 425
53 819 355 903 426
54 819 355 905 428
55 819 355 905 428
56 819 356 905 429
57 820 355 906 428
58 819 355 905 428
59 818 354 904 427
60 820 354 904 425
61 821 351 905 422
62 820 351 904 422
63 820 351 904 422
64 820 347 906 420
65 820 346 906 419
66 820 343 906 416
67 819 341 905 414
68 820 342 904 413
69 819 338 905 411
70 819 335 905 408
71 819 333 905 406
72 820 329 906 402
73 820 329 906 402
74 819 328 906 402
75 819 326 906 400
76 820 325 906 398
77 822 324 906 395
78 822 323 906 394
79 821 320 905 391
80 821 320 905 391
81 822 319 906 390
82 822 318 906 389
83 822 317 906 388
84 822 316 906 387
85 822 316 906 387
86 822 316 906 387
87 822 316 906 387
88 821 315 905 386
89 820 314 904 385
90 820 313 904 384
91 821 313 905 384
92 821 313 905 384
93 821 313 905 384
94 821 312 905 383
95 821 313 905 384
96 820 313 904 384
97 819 313 903 384
98 819 313 903 384
99 821 313 905 384
100 820 313 904 384
101 818 313 902 384
102 817 313 901 384
103 817 313 901 384
104 817 313 901 384
105 819 313 903 384
106 818 312 902 383
107 818 313 902 384
108 816 312 900 383
109 816 312 900 383
110 815 312 899 383
111 816 312 900 383
112 815 312 899 383
113 814 312 898 383
114 815 313 899 384
115 814 314 898 385
116 814 313 898 384
117 814 313 898 384
118 814 313 898 384
119 813 311 897 382
120 814 310 898 381
121 813 310 897 381
122 813 310 897 381
123 812 309 896 380
124 813 307 897 378
125 812 305 896 376
126 811 303 895 374
127 812 302 896 373
128 811 301 895 372
129 810 300 894 371
130 810 300 894 371
131 811 298 895 369
132 808 296 892 367
133 808 295 892 366
134 808 294 892 365
135 808 294 892 365
136 808 294 892 365
137 807 292 891 363
138 807 291 891 362
139 806 290 890 361
140 806 290 890 361
141 806 288 890 359
142 805 288 889 359
143 804 287 888 358
144 804 286 888 357
145 804 284 888 355
146 804 284 888 355
147 804 283 888 354
148 804 282 886 352
149 804 281 886 351
150 804 279 886 349
151 802 277 884 347
152 802 277 884 347
153 803 275 885 345
154 802 274 884 344
155 802 272 884 342
156 799 268 883 339
157 799 267 883 338
158 798 267 882 338
159 798 265 882 336
160 799 263 883 334
161 798 260 882 331
162 797 259 881 330
163 797 256 881 327
164 797 257 881 328
165 797 254 881 325
166 797 255 879 325
167 796 253 878 323
168 796 251 878 321
169 796 249 878 319
170 795 250 877 320
171 794 247 878 318
172 794 245 878 316
173 793 244 877 315
174 792 241 876 312
175 791 237 875 308
176 791 237 875 308
177 791 237 875 308
178 791 236 875 307
179 791 233 875 304
180 789 233 873 304
181 788 231 872 302
182 788 231 872 302
183 788 229 872 300
184 788 229 872 300
185 788 230 870 300
186 787 227 871 298
187 786 227 870 298
188 786 226 870 297
189 784 226 868 297
190 784 224 868 295
191 783 225 867 296
192 783 224 867 295
193 783 221 867 292
194 782 221 866 292
195 780 220 864 291
196 780 221 864 292
197 779 221 863 292
198 778 220 862 291
199 777 219 861 290
200 778 219 862 290
201 777 219 861 290
202 776 219 860 290
203 775 220 859 291
204 775 219 859 290
205 774 220 858 291
206 774 220 858 291
207 772 221 856 292
208 771 219 857 292
209 770 219 856 292
210 769 219 853 290
211 766 222 850 293
212 766 221 850 292
213 765 222 849 293
214 763 223 847 294
215 760 227 846 300
216 759 228 845 301
217 757 230 843 303
218 757 230 843 303
219 753 231 839 304
220 753 235 839 308
221 752 240 838 313
222 752 243 838 316
223 752 250 836 321
224 752 250 836 321
225 751 253 835 324
226 747 259 831 330
227 749 265 831 335
228 748 271 830 341
229 747 276 829 346
230 747 276 829 346
231 748 270 830 340
232 749 264 831 334
233 752 257 834 327
234 753 251 835 321
235 756 245 838 315
236 756 244 838 314
237 759 239 841 309
238 760 234 842 304
239 762 230 844 300
240 765 226 847 296
241 767 225 849 295
242 767 225 849 295
243 770 225 852 295
244 772 226 854 296
245 773 227 855 297
246 776 228 858 298
247 778 229 860 299
248 778 229 860 299
249 780 230 862 300
250 781 231 863 301
251 784 231 866 301
252 786 232 868 302
253 787 232 869 302
254 786 233 868 303
255 788 233 870 303
256 790 234 872 304
257 792 234 874 304
258 795 236 876 304
259 798 237 879 305
260 796 237 878 307
261 797 237 879 307
262 800 238 882 308
263 801 239 883 309
264 804 239 886 309
265 805 239 887 309
266 805 239 887 309
267 807 240 889 310
268 808 241 890 311
269 810 242 892 312
270 812 244 894 314
271 813 244 895 314
272 813 244 895 314
273 814 245 896 315
274 816 244 900 315
275 816 245 902 318
276 818 246 902 317
277 819 247 903 318
278 820 247 904 318
279 822 247 906 318
280 824 249 908 320
281 824 250 908 321
282 826 251 908 321
283 828 252 910 322
284 828 252 910 322
285 829 253 911 323
286 830 254 912 324
287 831 254 913 324
288 832 254 914 324
289 833 254 915 324
290 833 254 915 324
291 834 255 916 325
292 835 256 917 326
293 836 257 918 327
294 837 257 919 327
295 838 258 920 328
296 838 258 920 328
297 839 258 921 328
298 839 258 921 328
299 840 259 922 329
300 841 259 923 329
301 842 259 924 329
302 842 259 924 329
303 843 259 925 329
304 844 259 926 329
305 845 259 927 329
306 846 260 928 330
307 846 261 928 331
308 846 261 928 331
309 846 261 928 331
310 847 261 929 331
311 848 261 930 331
312 848 262 930 332
313 848 262 930 332
314 848 262 930 332
315 849 262 931 332
316 850 262 932 332
317 850 262 932 332
318 850 263 932 333
319 851 262 933 332
320 851 262 933 332
321 851 262 933 332
322 851 262 933 332
323 852 262 934 332
324 852 262 934 332
325 852 263 934 333
326 852 263 934 333
327 852 263 934 333
328 853 263 935 333
329 852 262 936 333
330 852 262 936 333
331 852 262 936 333
332 852 262 936 333
333 853 262 937 333
334 852 262 936 333
335 852 262 936 333
336 852 262 936 333
337 852 262 936 333
338 853 262 937 333
339 852 262 936 333
340 852 262 936 333
341 853 262 937 333
342 852 262 936 333
343 852 262 936 333
344 853 262 937 333
345 852 262 936 333
346 852 262 936 333
347 852 262 936 333
348 852 262 936 333
349 852 262 936 333
350 852 262 936 333
351 852 262 936 333
352 852 261 936 332
353 853 261 937 332
354 852 261 936 332
355 852 262 936 333
356 852 262 936 333
357 852 262 936 333
358 853 262 937 333
359 852 262 936 333
360 852 262 936 333
361 852 262 936 333
362 852 262 936 333
363 852 262 936 333
364 852 262 936 333
365 852 262 936 333
366 852 262 936 333
367 852 262 936 333
368 852 262 936 333
369 852 262 936 333
370 852 262 936 333
371 852 262 936 333
372 853 262 937 333
