350 -1 -1 -1 -1
0 747 388 826 458
1 747 389 826 459
2 747 390 826 460
3 748 391 825 460
4 747 390 826 460
5 746 392 825 462
6 746 392 827 463
7 745 393 824 463
8 746 393 825 463
9 748 394 825 463
10 746 391 825 461
11 745 392 822 461
12 748 387 827 457
13 744 387 823 457
14 745 382 826 453
15 745 383 826 454
16 744 382 823 452
17 745 378 824 448
18 743 376 824 447
19 742 371 824 444
20 743 367 825 440
21 743 369 824 440
22 743 364 824 435
23 741 361 823 434
24 740 359 822 432
25 740 356 822 429
26 743 355 820 424
27 742 354 821 424
28 740 352 821 423
29 740 347 821 418
30 738 344 820 417
31 740 342 821 413
32 741 340 822 411
33 743 340 822 410
34 740 338 819 408
35 741 335 817 402
36 742 331 816 397
37 736 329 810 395
38 744 328 816 391
39 747 323 820 388
40 746 323 819 388
41 743 319 816 384
42 743 317 815 380
43 745 312 815 374
44 746 310 816 372
45 746 310 816 372
46 741 308 811 370
47 747 305 814 365
48 741 304 807 363
49 738 304 804 363
50 746 296 812 355
51 747 297 813 356
52 746 294 812 353
53 745 292 811 351
54 744 286 810 345
55 743 284 809 343
56 743 280 809 339
57 742 280 808 339
58 741 277 807 336
59 740 275 806 334
60 740 271 806 330
61 739 269 804 326
62 739 266 804 323
63 739 266 804 323
64 738 263 803 320
65 735 261 801 320
66 734 259 800 318
67 733 257 800 317
68 732 253 799 313
69 732 253 799 313
70 732 251 799 311
71 730 248 797 308
72 729 246 796 306
73 729 245 795 304
74 730 244 796 303
75 729 243 795 302
76 729 242 795 301
77 728 239 794 298
78 729 239 794 296
79 728 236 793 293
80 727 235 792 292
81 727 234 792 291
82 726 233 791 290
83 726 231 791 288
84 725 229 790 286
85 724 226 789 283
86 724 223 789 280
87 723 223 788 280
88 724 223 789 280
89 723 220 788 277
90 722 218 787 275
91 721 216 786 273
92 721 213 786 270
93 721 212 786 269
94 720 211 786 270
95 719 210 785 269
96 718 209 784 268
97 717 207 782 264
98 717 207 782 264
99 716 206 782 265
100 715 205 782 265
101 713 204 780 264
102 713 203 780 263
103 711 202 778 262
104 710 202 777 262
105 710 203 777 263
106 709 203 776 263
107 707 203 774 263
108 705 202 772 262
109 705 202 772 262
110 703 204 770 264
111 703 204 770 264
112 703 205 769 264
113 702 206 768 265
114 701 207 767 266
115 699 208 765 267
116 698 209 764 268
117 697 208 763 267
118 696 210 762 269
119 694 211 760 270
120 693 211 759 270
121 692 212 758 271
122 691 213 757 272
123 691 213 757 272
124 690 213 756 272
125 688 213 754 272
126 687 215 753 274
127 686 216 751 273
128 685 216 750 273
129 685 216 750 273
130 683 217 749 276
131 682 217 748 276
132 681 219 747 278
133 680 219 746 278
134 679 220 745 279
135 679 220 745 279
136 678 222 743 279
137 678 224 742 280
138 677 226 741 282
139 676 228 740 284
140 674 229 739 286
141 674 229 739 286
142 673 231 738 288
143 672 235 737 292
144 671 239 736 296
145 670 242 735 299
146 669 247 734 304
147 669 247 734 304
148 667 251 732 308
149 666 258 731 315
150 668 255 733 312
151 671 249 736 306
152 672 246 737 303
153 673 246 738 303
154 676 243 741 300
155 679 243 744 300
156 681 243 746 300
157 684 245 749 302
158 687 246 752 303
159 687 247 752 304
160 689 248 754 305
161 692 248 757 305
162 694 250 759 307
163 697 250 763 309
164 700 252 765 309
165 700 252 765 309
166 702 252 768 311
167 704 253 770 312
168 707 254 773 313
169 709 256 775 315
170 713 257 778 314
171 712 258 777 315
172 715 258 780 315
173 717 260 782 317
174 719 261 784 318
175 722 262 787 319
176 723 263 788 320
177 724 264 788 320
178 726 265 790 321
179 728 266 792 322
180 730 266 795 323
181 732 267 798 326
182 734 269 799 326
183 735 268 800 325
184 736 271 801 328
185 739 271 804 328
186 740 272 805 329
187 743 274 807 330
188 743 274 808 331
189 744 274 809 331
190 746 275 811 332
191 747 276 812 333
192 749 277 814 334
193 751 278 816 335
194 753 279 818 336
195 753 279 817 335
196 754 280 818 336
197 756 280 820 336
198 758 281 822 337
199 759 282 823 338
200 760 283 824 339
201 759 284 823 340
202 761 284 826 341
203 764 285 829 342
204 764 286 829 343
205 767 287 831 343
206 768 288 832 344
207 767 288 831 344
208 769 289 831 344
209 771 290 833 345
210 771 290 835 346
211 772 291 836 347
212 774 291 839 348
213 775 292 840 349
214 776 293 841 350
215 777 295 842 352
216 779 296 843 352
217 778 297 842 353
218 778 297 842 353
219 778 297 842 353
220 779 298 843 354
221 780 299 844 355
222 780 300 844 356
223 778 300 842 356
224 779 301 843 357
225 779 301 843 357
226 781 302 845 358
227 781 302 846 359
228 783 302 848 359
229 783 302 848 359
230 784 302 849 359
231 784 302 849 359
232 786 302 851 359
233 788 303 853 360
234 788 303 853 360
235 787 303 852 360
236 788 305 853 362
237 788 304 853 361
238 789 305 854 362
239 788 305 853 362
240 789 306 854 363
241 789 306 854 363
242 788 307 853 364
243 788 307 853 364
244 789 307 854 364
245 788 308 853 365
246 788 309 853 366
247 788 309 853 366
248 788 309 853 366
249 788 309 854 368
250 787 310 853 369
251 788 311 853 368
252 787 311 852 368
253 787 311 852 368
254 786 312 851 369
255 787 312 852 369
256 786 312 851 369
257 786 312 851 369
258 786 313 851 370
259 785 313 850 370
260 785 314 850 371
261 786 313 851 370
262 786 313 851 370
263 784 313 849 370
264 784 314 849 371
265 784 314 849 371
266 784 314 849 371
267 784 314 849 371
268 784 315 849 372
269 783 315 848 372
270 783 315 848 372
271 782 315 847 372
272 782 315 847 372
273 783 315 848 372
274 782 315 847 372
275 782 316 847 373
276 782 315 847 372
277 782 315 847 372
278 782 316 847 373
279 782 316 847 373
280 782 315 847 372
281 782 316 847 373
282 782 315 847 372
283 782 315 847 372
284 782 315 847 372
285 782 315 847 372
286 782 316 847 373
287 782 315 847 372
288 782 316 847 373
289 782 315 847 372
290 782 315 847 372
291 782 315 847 372
292 782 315 847 372
293 782 316 847 373
294 782 315 847 372
295 782 315 847 372
296 782 315 847 372
297 782 315 847 372
298 782 316 847 373
299 782 315 847 372
300 782 315 847 372
301 782 315 847 372
302 782 316 847 373
303 782 315 847 372
304 782 316 847 373
305 783 315 848 372
306 783 316 848 373
307 782 315 847 372
308 782 315 847 372
309 782 315 847 372
310 782 315 847 372
311 782 316 847 373
312 782 315 847 372
313 782 316 847 373
314 782 315 847 372
315 782 315 847 372
316 782 315 847 372
317 782 315 847 372
318 782 315 847 372
319 782 315 847 372
320 782 315 847 372
321 782 315 847 372
322 782 315 847 372
323 782 315 847 372
324 782 315 847 372
325 782 315 847 372
326 782 315 847 372
327 782 315 847 372
328 782 315 847 372
329 782 315 847 372
330 783 315 848 372
331 783 315 848 372
332 782 315 847 372
333 782 316 847 373
334 782 315 847 372
335 782 316 847 373
336 782 315 847 372
337 782 316 847 373
338 783 315 848 372
339 783 316 848 373
340 783 316 847 372
341 783 317 844 371
342 782 315 847 372
343 782 315 847 372
344 782 316 847 373
345 782 315 847 372
346 782 315 847 372
347 782 316 847 373
348 783 315 848 372
349 782 314 849 374
