569 -1 -1 -1 -1
0 430 375 509 441
1 433 377 507 439
2 436 379 505 436
3 434 378 503 435
4 432 379 499 435
5 432 380 498 435
6 432 379 498 434
7 433 380 500 436
8 434 380 501 436
9 434 381 501 437
10 434 381 501 437
11 432 381 499 437
12 432 380 501 437
13 433 380 500 436
14 434 381 501 437
15 433 380 502 437
16 433 378 505 438
17 433 378 506 439
18 434 379 503 436
19 435 379 501 434
20 433 378 500 434
21 432 378 501 435
22 433 377 502 434
23 434 376 506 436
24 434 375 507 436
25 433 373 507 435
26 434 371 507 432
27 434 371 507 432
28 435 369 508 430
29 434 368 506 428
30 434 363 506 423
31 432 362 504 422
32 434 360 504 419
33 435 362 502 418
34 435 360 502 416
35 433 356 502 413
36 435 356 502 412
37 435 355 501 410
38 436 352 502 407
39 437 352 503 407
40 437 352 502 406
41 437 351 503 406
42 438 350 504 405
43 439 350 504 404
44 438 352 500 404
45 439 353 500 404
46 437 352 499 404
47 437 351 501 404
48 440 352 501 403
49 438 353 499 404
50 439 353 501 405
51 439 353 501 405
52 439 353 500 404
53 438 354 499 405
54 439 354 499 404
55 440 354 500 404
56 442 355 502 405
57 442 355 502 405
58 442 356 501 405
59 443 357 502 406
60 444 357 503 406
61 442 356 500 404
62 442 355 500 403
63 443 356 499 403
64 444 356 500 403
65 445 355 501 402
66 447 356 503 403
67 449 356 505 403
68 449 356 505 403
69 449 356 505 403
70 450 357 505 403
71 448 350 504 397
72 443 354 499 401
73 444 354 500 401
74 444 353 500 400
75 443 354 499 401
76 444 351 502 399
77 447 351 505 399
78 446 352 504 400
79 449 351 505 398
80 449 350 505 397
81 449 350 505 397
82 449 351 505 398
83 448 357 504 404
84 448 355 504 402
85 448 356 504 403
86 449 356 505 403
87 448 356 506 404
88 449 357 507 405
89 450 357 508 405
90 452 358 508 405
91 452 358 508 405
92 453 359 509 406
93 453 360 509 407
94 454 359 510 406
95 454 360 510 407
96 454 360 510 407
97 454 362 510 409
98 454 362 510 409
99 455 362 511 409
100 455 362 511 409
101 455 363 511 410
102 455 365 511 412
103 456 364 512 411
104 457 365 513 412
105 456 364 514 412
106 457 365 515 413
107 457 365 515 413
108 458 365 516 413
109 458 365 516 413
110 459 366 515 413
111 458 365 516 413
112 459 366 517 414
113 460 366 518 414
114 461 365 519 413
115 462 365 520 413
116 462 364 520 412
117 462 364 521 413
118 463 363 522 412
119 463 363 522 412
120 465 362 524 411
121 466 361 525 410
122 466 362 525 411
123 467 362 525 410
124 465 361 523 409
125 466 360 524 408
126 467 359 525 407
127 466 357 524 405
128 466 357 524 405
129 466 357 524 405
130 466 357 524 405
131 467 356 525 404
132 467 356 525 404
133 468 355 526 403
134 468 355 526 403
135 468 355 526 403
136 469 354 527 402
137 469 354 527 402
138 470 354 528 402
139 471 353 529 401
140 471 351 529 399
141 471 352 529 400
142 471 352 529 400
143 472 350 530 398
144 472 350 530 398
145 473 350 531 398
146 474 351 530 398
147 473 351 529 398
148 474 351 530 398
149 474 351 530 398
150 475 350 531 397
151 476 350 532 397
152 476 350 532 397
153 476 350 532 397
154 476 349 532 396
155 477 349 533 396
156 477 349 533 396
157 478 349 534 396
158 479 348 535 395
159 479 348 535 395
160 480 347 536 394
161 480 347 536 394
162 481 346 537 393
163 482 346 538 393
164 483 344 539 391
165 483 345 539 392
166 484 342 540 389
167 484 341 540 388
168 485 340 541 387
169 486 339 542 386
170 486 337 542 384
171 486 338 542 385
172 486 335 544 383
173 488 335 544 382
174 489 333 545 380
175 489 332 545 379
176 490 330 546 377
177 490 330 546 377
178 491 329 547 376
179 491 328 547 375
180 493 326 549 373
181 494 323 550 370
182 495 323 551 370
183 495 323 551 370
184 496 321 552 368
185 497 319 553 366
186 499 318 555 365
187 499 315 555 362
188 499 315 555 362
189 498 314 554 361
190 499 313 555 360
191 501 310 557 357
192 502 309 557 355
193 503 308 558 354
194 503 305 558 351
195 503 304 558 350
196 505 303 560 349
197 506 300 561 346
198 506 298 561 344
199 506 297 562 344
200 506 296 562 343
201 506 296 562 343
202 506 294 562 341
203 506 294 562 341
204 508 292 564 339
205 510 290 566 337
206 510 289 566 336
207 511 288 567 335
208 512 288 568 335
209 511 288 567 335
210 513 285 569 332
211 513 284 569 331
212 515 282 571 329
213 514 282 570 329
214 514 282 570 329
215 514 282 570 329
216 514 279 570 326
217 516 279 572 326
218 516 277 572 324
219 516 277 572 324
220 517 276 573 323
221 518 274 574 321
222 518 274 574 321
223 520 272 575 318
224 520 271 575 317
225 521 271 575 316
226 521 271 575 316
227 523 270 577 315
228 523 268 577 313
229 523 268 577 313
230 524 268 578 313
231 525 268 579 313
232 526 268 580 313
233 527 267 581 312
234 527 267 581 312
235 528 267 582 312
236 529 266 583 311
237 529 267 583 312
238 530 266 584 311
239 531 266 584 310
240 531 267 584 311
241 533 266 586 310
242 533 266 586 310
243 534 266 587 310
244 534 266 587 310
245 535 266 588 310
246 538 267 591 311
247 538 268 591 312
248 539 268 592 312
249 540 268 593 312
250 540 268 593 312
251 541 269 594 313
252 542 270 595 314
253 542 271 595 315
254 543 272 596 316
255 543 272 596 316
256 544 273 597 317
257 545 275 598 319
258 547 277 600 321
259 547 279 600 323
260 549 281 602 325
261 549 281 602 325
262 550 284 602 328
263 552 288 604 332
264 553 291 605 335
265 553 295 605 339
266 554 298 606 342
267 554 299 606 343
268 555 302 607 346
269 555 304 608 348
270 555 308 608 352
271 556 310 609 354
272 556 314 610 359
273 556 313 610 358
274 557 317 611 362
275 558 321 612 366
276 559 324 613 369
277 559 327 613 372
278 559 331 613 376
279 559 331 613 376
280 559 334 613 379
281 559 338 613 383
282 560 342 614 387
283 561 344 615 389
284 562 345 616 390
285 562 346 616 391
286 562 349 616 394
287 562 353 616 398
288 564 357 618 402
289 564 360 618 405
290 566 363 620 408
291 565 362 619 407
292 565 365 619 410
293 566 367 620 412
294 567 370 621 415
295 568 372 622 417
296 568 375 622 420
297 568 374 622 419
298 569 378 623 423
299 570 379 624 424
300 572 383 626 428
301 573 386 627 431
302 574 389 628 434
303 574 389 628 434
304 575 392 629 437
305 575 395 629 440
306 576 399 630 444
307 577 402 631 447
308 578 406 632 451
309 577 405 631 450
310 577 412 631 457
311 577 420 631 465
312 578 427 632 472
313 579 431 633 476
314 580 457 634 502
315 580 458 634 503
316 578 462 632 507
317 579 469 633 514
318 577 472 631 517
319 578 479 632 524
320 576 478 630 523
321 576 479 630 524
322 576 481 630 526
323 573 480 627 525
324 572 475 626 520
325 572 474 626 519
326 568 478 622 523
327 568 478 622 523
328 567 479 621 524
329 566 480 620 525
330 565 480 619 525
331 564 480 618 525
332 563 481 617 526
333 563 482 617 527
334 560 484 614 529
335 560 484 614 529
336 557 485 611 530
337 556 486 610 531
338 554 488 608 533
339 554 487 608 532
340 553 487 607 532
341 552 489 606 534
342 551 490 605 535
343 549 493 603 538
344 547 493 601 538
345 546 493 600 538
346 545 493 599 538
347 544 494 598 539
348 543 495 597 540
349 541 497 595 542
350 540 497 594 542
351 540 497 594 542
352 539 498 593 543
353 537 499 591 544
354 537 500 591 545
355 536 501 590 546
356 534 502 588 547
357 534 502 588 547
358 533 503 587 548
359 532 503 586 548
360 530 505 584 550
361 529 505 583 550
362 529 507 583 552
363 528 506 582 551
364 527 507 581 552
365 526 508 580 553
366 525 509 579 554
367 523 509 577 554
368 522 510 576 555
369 522 510 576 555
370 520 511 574 556
371 520 511 574 556
372 519 512 573 557
373 518 513 572 558
374 517 514 571 559
375 517 514 571 559
376 516 515 570 560
377 515 515 570 561
378 514 516 569 562
379 512 516 567 562
380 512 517 566 562
381 512 518 566 563
382 511 519 565 564
383 510 519 564 564
384 509 520 563 565
385 508 521 562 566
386 507 522 561 567
387 508 522 562 567
388 507 523 561 568
389 505 523 559 568
390 505 524 559 569
391 504 525 558 570
392 503 526 557 571
393 503 526 557 571
394 502 526 556 571
395 502 526 556 571
396 502 527 556 572
397 501 527 555 572
398 500 528 554 573
399 500 528 554 573
400 499 529 553 574
401 499 529 553 574
402 498 530 552 575
403 497 530 551 575
404 498 531 552 576
405 498 530 552 575
406 498 531 551 575
407 498 532 551 576
408 497 532 550 576
409 496 532 550 577
410 494 532 549 578
411 494 532 548 577
412 494 533 548 578
413 494 533 548 578
414 494 533 548 578
415 493 533 547 578
416 493 534 547 579
417 493 534 547 579
418 493 535 547 580
419 492 534 547 580
420 492 535 547 581
421 492 535 547 581
422 491 536 546 582
423 491 536 546 582
424 491 536 545 581
425 492 537 546 582
426 492 538 546 583
427 492 538 546 583
428 492 539 546 584
429 492 539 546 584
430 492 539 546 584
431 492 539 546 584
432 492 539 546 584
433 493 540 547 585
434 493 540 547 585
435 493 540 547 585
436 493 540 547 585
437 493 540 547 585
438 493 540 547 585
439 493 541 547 586
440 493 540 547 585
441 493 540 547 585
442 493 541 547 586
443 493 541 547 586
444 492 541 547 587
445 493 541 547 586
446 493 541 547 586
447 493 541 547 586
448 493 541 547 586
449 493 542 547 587
450 493 542 547 587
451 493 541 547 586
452 493 541 547 586
453 493 541 547 586
454 493 541 547 586
455 493 541 547 586
456 494 541 548 586
457 494 541 548 586
458 493 542 547 587
459 493 542 547 587
460 493 542 547 587
461 493 542 547 587
462 493 542 547 587
463 493 542 547 587
464 493 542 547 587
465 493 542 547 587
466 493 542 547 587
467 493 542 547 587
468 493 542 547 587
469 493 542 547 587
470 493 542 547 587
471 493 542 547 587
472 493 542 547 587
473 493 542 547 587
474 493 542 547 587
475 493 542 547 587
476 493 542 547 587
477 493 542 547 587
478 493 542 547 587
479 493 543 547 588
480 493 542 547 587
481 494 542 548 587
482 493 542 547 587
483 493 542 547 587
484 493 542 547 587
485 494 542 548 587
486 493 542 547 587
487 493 542 547 587
488 494 542 548 587
489 494 542 548 587
490 493 542 547 587
491 493 542 547 587
492 494 542 548 587
493 494 542 548 587
494 494 542 548 587
495 494 542 548 587
496 494 542 548 587
497 494 542 548 587
498 494 542 548 587
499 494 542 548 587
500 494 542 548 587
501 494 542 548 587
502 494 542 548 587
503 494 542 548 587
504 494 542 548 587
505 494 542 548 587
506 494 542 548 587
507 494 542 548 587
508 493 542 547 587
509 493 542 547 587
510 493 542 547 587
511 493 542 547 587
512 492 543 546 588
513 493 542 547 587
514 493 542 547 587
515 493 542 547 587
516 493 542 547 587
517 493 542 547 587
518 492 542 547 588
519 492 542 546 587
520 493 542 547 587
521 493 543 547 588
522 492 542 546 587
523 493 542 547 587
524 494 543 547 587
525 493 542 547 587
526 494 543 547 587
527 493 543 547 588
528 493 543 547 588
529 493 543 547 588
530 492 542 546 587
531 493 542 547 587
532 493 543 547 588
533 493 543 547 588
534 492 542 546 587
535 493 543 546 587
536 493 543 546 587
537 493 543 547 588
538 493 542 546 586
539 493 543 546 587
540 494 543 547 587
541 493 543 546 587
542 492 542 546 587
543 493 543 546 587
544 493 543 546 587
545 493 543 546 587
546 493 542 547 587
547 493 542 546 586
548 492 543 546 588
549 492 542 546 587
550 493 543 546 587
551 492 543 546 588
552 492 543 546 588
553 493 543 546 587
554 492 543 546 588
555 492 543 546 588
556 492 542 546 587
557 493 543 546 587
558 492 542 546 587
559 493 543 546 587
560 492 543 546 588
561 493 543 546 587
562 492 543 546 588
563 493 543 546 587
564 492 543 546 588
565 492 542 546 587
566 493 543 546 587
567 492 543 546 588
568 493 543 546 587
