442 -1 -1 -1 -1
0 887 323 970 395
1 889 324 970 395
2 888 324 973 397
3 890 325 975 398
4 889 325 975 400
5 890 327 975 400
6 889 327 974 400
7 889 326 977 402
8 889 326 977 402
9 904 332 990 407
10 893 328 978 401
11 892 328 977 401
12 892 330 975 402
13 894 329 979 402
14 896 330 979 402
15 898 330 978 399
16 908 331 988 400
17 915 333 990 398
18 917 332 989 395
19 919 331 988 391
20 919 330 990 391
21 919 328 988 388
22 922 327 991 387
23 923 326 991 385
24 922 324 991 384
25 923 322 994 383
26 923 321 994 382
27 922 316 994 379
28 922 312 996 376
29 922 309 994 372
30 921 307 995 371
31 917 304 992 369
32 920 305 994 369
33 918 302 993 367
34 918 299 993 364
35 921 298 996 363
36 921 296 996 361
37 920 294 997 361
38 920 294 997 361
39 920 292 998 360
40 920 293 998 361
41 922 292 1000 360
42 928 294 1003 359
43 926 292 1001 357
44 925 291 1003 359
45 923 291 1003 360
46 921 290 1002 361
47 924 291 1007 363
48 923 289 1008 362
49 923 290 1008 363
50 924 290 1009 363
51 924 289 1010 364
52 922 290 1008 365
53 922 290 1008 365
54 925 291 1011 366
55 927 292 1012 365
56 927 293 1012 366
57 927 292 1013 367
58 927 292 1013 367
59 927 293 1013 368
60 928 294 1014 369
61 929 295 1015 370
62 929 295 1015 370
63 930 296 1016 371
64 928 295 1016 371
65 928 295 1016 371
66 928 296 1016 372
67 929 296 1017 372
68 928 297 1016 373
69 930 297 1018 373
70 930 298 1018 374
71 930 299 1018 375
72 930 299 1020 377
73 930 300 1020 378
74 931 301 1021 379
75 932 302 1022 380
76 932 303 1022 381
77 932 303 1022 381
78 932 305 1022 383
79 933 305 1023 383
80 933 305 1023 383
81 934 305 1024 383
82 933 304 1025 383
83 933 305 1025 384
84 932 306 1024 385
85 934 306 1026 385
86 934 306 1026 385
87 935 306 1027 385
88 935 305 1027 384
89 936 305 1028 384
90 937 306 1029 385
91 937 306 1029 385
92 937 305 1029 384
93 937 304 1029 383
94 937 304 1029 383
95 936 304 1028 383
96 936 304 1028 383
97 937 304 1029 383
98 938 304 1030 383
99 939 304 1031 383
100 940 304 1030 382
101 939 302 1029 380
102 941 302 1031 380
103 942 301 1032 379
104 943 302 1031 378
105 944 302 1030 377
106 944 301 1030 376
107 944 300 1030 375
108 942 297 1028 372
109 941 294 1027 369
110 941 294 1027 369
111 939 291 1025 366
112 940 288 1026 363
113 937 284 1023 359
114 941 283 1027 358
115 939 280 1025 355
116 939 279 1025 354
117 939 275 1024 348
118 939 271 1024 344
119 940 268 1025 341
120 939 265 1024 338
121 938 259 1023 332
122 938 259 1023 332
123 938 255 1023 328
124 938 251 1021 323
125 938 245 1023 318
126 937 242 1022 315
127 938 238 1021 310
128 938 238 1021 310
129 938 233 1021 305
130 938 230 1021 302
131 938 227 1021 299
132 938 223 1021 295
133 938 220 1021 292
134 938 220 1019 291
135 938 216 1019 287
136 938 213 1019 284
137 938 207 1019 278
138 936 205 1017 276
139 936 203 1017 274
140 936 202 1017 273
141 935 200 1016 271
142 936 196 1017 267
143 934 192 1015 263
144 933 189 1014 260
145 933 187 1014 258
146 933 187 1014 258
147 934 184 1014 253
148 933 181 1013 250
149 933 178 1013 247
150 930 175 1011 246
151 928 174 1009 245
152 928 174 1009 245
153 928 172 1009 243
154 926 170 1007 241
155 927 166 1008 237
156 924 163 1005 234
157 924 161 1005 232
158 924 160 1005 231
159 924 159 1005 230
160 922 158 1002 227
161 921 156 1001 225
162 920 154 1000 223
163 918 152 998 221
164 919 153 999 222
165 917 150 997 219
166 916 149 996 218
167 914 148 994 217
168 913 147 993 216
169 911 145 991 214
170 912 145 992 214
171 911 145 991 214
172 909 143 989 212
173 907 143 987 212
174 907 142 987 211
175 907 141 987 210
176 906 141 986 210
177 904 140 984 209
178 902 139 982 208
179 900 138 980 207
180 898 138 978 207
181 896 137 976 206
182 896 136 976 205
183 892 135 972 204
184 891 136 971 205
185 889 136 969 205
186 887 136 967 205
187 885 136 965 205
188 885 135 965 204
189 883 136 963 205
190 882 136 962 205
191 880 137 960 206
192 878 137 958 206
193 876 137 956 206
194 875 137 955 206
195 874 137 954 206
196 873 136 953 205
197 871 138 949 206
198 870 138 948 206
199 868 140 946 208
200 868 139 946 207
201 866 141 944 209
202 864 143 942 211
203 862 146 940 214
204 862 152 939 219
205 860 156 937 223
206 859 156 936 223
207 858 162 935 229
208 856 168 933 235
209 854 175 931 242
210 852 182 929 249
211 848 185 925 252
212 849 185 926 252
213 844 180 921 247
214 838 176 915 243
215 834 173 911 240
216 829 170 906 237
217 824 168 901 235
218 824 168 901 235
219 819 169 896 236
220 816 171 893 238
221 813 173 890 240
222 809 175 886 242
223 805 176 882 243
224 806 176 883 243
225 802 177 879 244
226 799 178 876 245
227 797 181 874 248
228 793 183 870 250
229 791 184 868 251
230 791 184 868 251
231 787 186 864 253
232 786 188 863 255
233 781 189 858 256
234 779 190 856 257
235 777 191 854 258
236 776 191 854 259
237 775 193 853 261
238 771 194 849 262
239 768 196 846 264
240 765 198 843 266
241 763 199 841 267
242 763 200 841 268
243 760 201 838 269
244 759 202 837 270
245 756 203 834 271
246 753 204 831 272
247 751 205 829 273
248 751 205 829 273
249 750 206 828 274
250 747 207 825 275
251 744 210 822 278
252 742 210 820 278
253 739 211 817 279
254 739 211 817 279
255 737 212 815 280
256 735 214 813 282
257 733 215 811 283
258 731 216 809 284
259 728 217 806 285
260 728 217 806 285
261 727 218 805 286
262 723 221 801 289
263 722 221 800 289
264 719 223 797 291
265 716 224 794 292
266 717 223 795 291
267 714 224 792 292
268 712 226 790 294
269 710 228 788 296
270 707 228 785 296
271 706 229 784 297
272 706 229 784 297
273 705 230 783 298
274 702 231 780 299
275 699 232 777 300
276 698 233 776 301
277 697 234 775 302
278 697 234 775 302
279 694 235 772 303
280 692 236 770 304
281 690 237 768 305
282 688 239 766 307
283 686 239 764 307
284 687 239 765 307
285 686 241 764 309
286 683 242 761 310
287 681 244 759 312
288 679 245 757 313
289 677 246 755 314
290 678 246 756 314
291 676 248 754 316
292 675 248 753 316
293 672 250 750 318
294 672 250 750 318
295 670 250 748 318
296 669 251 747 319
297 668 252 746 320
298 667 252 745 320
299 666 253 744 321
300 665 255 743 323
301 662 256 740 324
302 663 255 741 323
303 661 256 739 324
304 660 257 738 325
305 659 258 737 326
306 657 259 735 327
307 656 260 734 328
308 656 260 734 328
309 655 261 733 329
310 654 262 732 330
311 653 263 731 331
312 651 264 729 332
313 650 264 728 332
314 650 264 728 332
315 649 265 727 333
316 648 266 726 334
317 646 266 724 334
318 645 267 723 335
319 645 268 723 336
320 645 268 723 336
321 644 268 722 336
322 643 269 721 337
323 642 270 720 338
324 642 271 720 339
325 640 272 718 340
326 640 271 718 339
327 640 272 718 340
328 639 273 717 341
329 638 274 716 342
330 638 275 716 343
331 637 275 715 343
332 638 275 716 343
333 637 276 715 344
334 636 277 714 345
335 635 278 713 346
336 636 278 714 346
337 635 279 713 347
338 635 279 713 347
339 635 279 713 347
340 634 280 712 348
341 634 279 712 347
342 634 280 712 348
343 633 280 711 348
344 633 280 711 348
345 632 280 710 348
346 632 281 710 349
347 633 281 711 349
348 631 281 709 349
349 631 282 709 350
350 631 282 709 350
351 630 281 708 349
352 630 282 708 350
353 630 283 708 351
354 629 283 707 351
355 629 283 707 351
356 629 283 707 351
357 629 283 707 351
358 630 283 708 351
359 629 283 707 351
360 629 282 707 350
361 629 282 707 350
362 629 283 707 351
363 629 283 707 351
364 629 283 707 351
365 629 283 707 351
366 629 283 707 351
367 629 283 707 351
368 629 283 707 351
369 629 283 707 351
370 629 283 707 351
371 629 283 707 351
372 629 283 707 351
373 629 283 707 351
374 629 283 707 351
375 629 283 707 351
376 629 283 707 351
377 629 283 707 351
378 629 283 707 351
379 628 283 706 351
380 628 283 706 351
381 628 283 706 351
382 628 283 706 351
383 628 283 706 351
384 629 284 706 351
385 628 283 706 351
386 628 283 706 351
387 629 284 706 351
388 628 283 706 351
389 628 283 706 351
390 628 283 706 351
391 628 283 706 351
392 628 283 706 351
393 628 283 706 351
394 629 283 707 351
395 629 283 707 351
396 629 283 707 351
397 628 283 706 351
398 628 283 706 351
399 628 283 706 351
400 628 283 706 351
401 628 283 706 351
402 628 283 706 351
403 629 284 707 352
404 629 283 707 351
405 629 283 707 351
406 629 283 707 351
407 629 283 707 351
408 629 282 707 350
409 630 283 707 350
410 628 282 706 350
411 629 282 707 350
412 629 282 707 350
413 630 283 707 350
414 628 282 706 350
415 629 283 707 351
416 630 283 707 350
417 628 282 706 350
418 628 282 706 350
419 629 283 707 351
420 629 283 707 351
421 629 282 707 350
422 629 282 707 350
423 629 282 707 350
424 629 282 707 350
425 629 282 707 350
426 629 282 707 350
427 629 282 707 350
428 629 282 707 350
429 629 282 707 350
430 629 282 707 350
431 629 282 707 350
432 629 282 707 350
433 629 282 707 350
434 629 282 707 350
435 629 282 707 350
436 629 282 707 350
437 629 282 707 350
438 629 282 707 350
439 629 282 707 350
440 629 282 707 350
441 629 282 707 350
