228 -1 -1 -1 -1
0 238 366 304 426
1 238 365 305 426
2 238 367 305 428
3 237 366 307 430
4 235 364 308 430
5 235 364 308 430
6 233 364 306 430
7 233 365 304 430
8 233 364 306 430
9 233 364 306 430
10 233 364 304 429
11 232 364 305 430
12 232 364 303 429
13 230 364 303 430
14 230 364 303 430
15 228 362 304 431
16 228 363 304 432
17 228 364 304 433
18 228 364 304 433
19 230 365 303 431
20 229 364 303 432
21 228 364 304 433
22 228 366 302 434
23 224 367 298 435
24 225 368 298 434
25 223 368 297 436
26 224 369 297 435
27 223 368 297 436
28 224 369 298 437
29 224 371 297 437
30 224 370 297 436
31 220 370 293 436
32 220 370 293 436
33 219 370 292 436
34 219 370 292 436
35 218 368 294 437
36 217 368 294 438
37 217 368 293 437
38 217 368 293 437
39 217 369 291 437
40 217 370 290 436
41 217 368 290 434
42 217 368 290 434
43 216 367 289 433
44 217 368 290 434
45 217 367 290 433
46 216 365 290 433
47 216 364 290 432
48 217 364 291 432
49 218 363 291 429
50 218 363 291 429
51 218 362 291 428
52 219 360 292 426
53 218 357 292 425
54 219 355 293 423
55 220 354 294 422
56 220 354 293 420
57 220 350 294 418
58 221 351 294 417
59 221 348 294 414
60 222 345 295 411
61 221 342 294 408
62 221 342 294 408
63 222 338 296 406
64 223 338 296 404
65 223 335 296 401
66 223 332 296 398
67 224 330 297 396
68 225 329 298 395
69 226 326 299 392
70 225 323 298 389
71 225 321 298 387
72 226 317 299 383
73 227 315 298 380
74 227 316 298 381
75 227 312 300 378
76 228 310 302 378
77 231 308 304 374
78 230 306 303 372
79 231 304 304 370
80 231 304 302 369
81 232 303 303 368
82 233 300 306 366
83 235 298 308 364
84 234 297 307 363
85 235 295 308 361
86 236 295 309 361
87 236 294 309 360
88 236 293 309 359
89 238 292 309 357
90 239 290 310 355
91 241 288 312 353
92 241 288 312 353
93 241 286 312 351
94 242 285 313 350
95 242 281 315 347
96 244 279 317 345
97 246 277 319 343
98 245 276 318 342
99 246 275 319 341
100 247 273 320 339
101 248 270 321 336
102 249 266 322 332
103 251 265 324 331
104 250 265 323 331
105 251 263 324 329
106 253 262 326 328
107 253 260 326 326
108 254 257 327 323
109 255 256 326 321
110 255 256 326 321
111 256 253 327 318
112 256 251 329 317
113 257 250 330 316
114 258 248 331 314
115 259 246 332 312
116 259 246 332 312
117 260 244 333 310
118 260 243 333 309
119 261 241 334 307
120 263 240 336 306
121 263 238 336 304
122 263 237 336 303
123 265 236 338 302
124 268 235 341 301
125 271 234 344 300
126 272 231 345 297
127 272 230 345 296
128 272 230 345 296
129 274 227 347 293
130 275 226 348 292
131 277 224 350 290
132 277 222 350 288
133 279 221 352 287
134 279 222 350 287
135 281 219 352 284
136 282 218 353 283
137 283 216 354 281
138 284 214 357 280
139 285 212 359 280
140 285 213 359 281
141 288 213 362 281
142 289 213 363 281
143 291 214 364 280
144 293 213 366 279
145 292 215 365 281
146 292 214 366 282
147 294 215 368 283
148 298 220 372 288
149 298 222 371 288
150 299 223 370 288
151 300 227 373 293
152 300 227 373 293
153 301 230 374 296
154 303 234 376 300
155 305 238 378 304
156 305 243 379 311
157 307 250 380 316
158 306 250 379 316
159 308 255 381 321
160 308 264 382 332
161 310 275 384 343
162 309 289 383 357
163 310 300 384 368
164 310 301 383 367
165 311 312 384 378
166 311 325 384 391
167 311 337 384 403
168 311 349 384 415
169 312 361 385 427
170 312 361 385 427
171 311 372 384 438
172 312 386 385 452
173 312 389 385 455
174 312 389 385 455
175 314 390 387 456
176 314 390 387 456
177 315 390 388 456
178 316 390 389 456
179 317 391 390 457
180 317 392 390 458
181 319 392 392 458
182 318 392 391 458
183 319 392 392 458
184 320 393 393 459
185 321 393 394 459
186 322 394 395 460
187 322 394 395 460
188 322 394 395 460
189 323 394 396 460
190 323 395 396 461
191 324 395 397 461
192 325 396 398 462
193 326 396 399 462
194 326 396 399 462
195 326 396 399 462
196 326 396 399 462
197 327 397 400 463
198 327 397 400 463
199 327 397 400 463
200 327 397 400 463
201 327 397 400 463
202 327 397 400 463
203 327 397 400 463
204 327 397 400 463
205 328 396 401 462
206 327 396 400 462
207 327 397 400 463
208 327 397 400 463
209 327 397 400 463
210 327 396 400 462
211 327 397 400 463
212 327 397 400 463
213 327 397 400 463
214 327 397 400 463
215 327 397 400 463
216 327 397 400 463
217 328 396 401 462
218 328 396 401 462
219 327 396 400 462
220 327 397 400 463
221 328 397 401 463
222 327 397 400 463
223 327 397 400 463
224 327 397 400 463
225 327 396 401 464
226 327 397 400 463
227 328 396 401 462
