352 -1 -1 -1 -1
0 758 314 828 390
1 758 314 828 390
2 758 311 828 387
3 757 306 830 385
4 759 306 830 384
5 759 301 833 382
6 757 298 834 382
7 757 297 834 381
8 758 293 835 377
9 759 291 836 375
10 761 291 832 369
11 762 286 835 365
12 763 287 833 363
13 762 286 833 364
14 763 286 833 362
15 762 283 833 361
16 764 283 831 356
17 764 280 831 353
18 764 279 831 352
19 764 279 830 351
20 764 278 831 351
21 762 275 831 350
22 760 273 831 351
23 760 275 830 351
24 761 275 830 350
25 760 274 830 350
26 761 275 830 350
27 759 275 829 351
28 759 275 829 351
29 758 274 828 350
30 757 274 828 352
31 757 274 828 352
32 756 274 827 352
33 755 275 825 351
34 755 276 824 351
35 754 275 824 351
36 754 278 824 354
37 754 277 824 353
38 754 278 824 354
39 754 279 823 354
40 753 280 822 355
41 755 281 822 354
42 754 282 823 357
43 754 282 823 357
44 754 283 821 356
45 754 285 821 358
46 754 286 821 359
47 753 288 820 361
48 753 289 820 362
49 753 289 820 362
50 753 291 819 363
51 754 293 821 366
52 752 295 821 370
53 753 296 822 371
54 752 296 822 372
55 752 297 822 373
56 751 298 822 376
57 753 301 823 377
58 753 305 823 381
59 753 307 822 382
60 750 309 819 384
61 751 310 818 383
62 750 313 817 386
63 749 316 816 389
64 750 318 816 390
65 750 322 816 394
66 751 324 817 396
67 751 324 816 394
68 751 327 816 397
69 750 329 816 401
70 750 332 816 404
71 750 335 816 407
72 751 335 818 408
73 750 334 817 407
74 750 333 819 408
75 751 335 818 408
76 749 334 818 409
77 749 333 819 409
78 749 333 819 409
79 749 333 819 409
80 749 332 819 408
81 748 332 818 408
82 748 331 818 407
83 748 331 818 407
84 748 331 818 407
85 748 331 818 407
86 748 330 817 405
87 747 330 814 403
88 746 330 813 403
89 746 330 813 403
90 746 331 813 404
91 745 331 812 404
92 745 329 814 404
93 745 329 812 402
94 743 327 812 402
95 743 329 812 404
96 742 328 811 403
97 743 328 812 403
98 741 327 810 402
99 741 327 810 402
100 741 327 810 402
101 741 325 810 400
102 739 325 808 400
103 739 325 806 398
104 740 325 807 398
105 739 325 806 398
106 738 323 804 395
107 739 323 805 395
108 738 321 804 393
109 738 321 804 393
110 737 320 803 392
111 737 319 803 391
112 736 317 802 389
113 735 315 801 387
114 734 312 800 384
115 734 312 800 384
116 732 310 798 382
117 730 306 796 378
118 729 303 795 375
119 726 300 792 372
120 725 298 791 370
121 725 297 792 370
122 722 292 789 365
123 721 287 788 360
124 721 284 788 357
125 719 280 786 353
126 719 273 786 346
127 718 274 785 347
128 716 270 783 343
129 715 264 782 337
130 714 260 781 333
131 713 255 780 328
132 711 250 778 323
133 711 249 778 322
134 711 244 778 317
135 708 240 775 313
136 709 235 776 308
137 707 229 774 302
138 706 224 773 297
139 706 224 773 297
140 704 219 771 292
141 703 213 770 286
142 702 209 769 282
143 701 203 768 276
144 700 199 767 272
145 700 199 767 272
146 699 194 766 267
147 698 190 765 263
148 697 185 764 258
149 696 180 763 253
150 695 177 761 249
151 694 176 761 249
152 693 173 760 246
153 693 169 760 242
154 691 165 758 238
155 689 161 756 234
156 689 158 756 231
157 689 159 756 232
158 688 155 755 228
159 687 152 754 225
160 686 149 753 222
161 685 147 752 220
162 684 146 751 219
163 684 145 751 218
164 683 144 750 217
165 682 142 751 217
166 681 141 750 216
167 681 141 748 214
168 679 140 748 215
169 679 140 748 215
170 679 140 748 215
171 678 140 747 215
172 678 141 747 216
173 677 143 746 218
174 678 145 748 221
175 678 144 748 220
176 678 149 747 224
177 675 150 744 225
178 674 156 743 231
179 674 161 743 236
180 673 166 742 241
181 673 167 742 242
182 672 172 741 247
183 670 180 739 255
184 670 186 739 261
185 668 195 737 270
186 668 201 737 276
187 668 201 737 276
188 668 208 737 283
189 668 214 737 289
190 667 222 736 297
191 667 229 736 304
192 666 236 736 312
193 666 236 736 312
194 666 244 735 319
195 664 252 733 327
196 664 258 733 333
197 662 266 731 341
198 663 274 732 349
199 662 275 731 350
200 661 283 730 358
201 662 291 731 366
202 661 298 730 373
203 661 306 730 381
204 660 314 729 389
205 659 316 728 391
206 659 325 728 400
207 658 334 727 409
208 658 343 727 418
209 656 353 725 428
210 656 364 725 439
211 657 364 726 439
212 655 366 724 441
213 655 368 724 443
214 655 370 722 443
215 654 369 721 442
216 654 369 721 442
217 654 369 721 442
218 652 369 719 442
219 652 369 719 442
220 652 369 719 442
221 651 369 718 442
222 651 369 720 444
223 651 369 720 444
224 651 369 720 444
225 651 369 720 444
226 650 370 719 445
227 651 368 720 443
228 651 368 720 443
229 650 368 719 443
230 651 369 720 444
231 651 369 720 444
232 650 369 719 444
233 650 369 719 444
234 650 369 719 444
235 650 370 719 445
236 650 370 717 443
237 650 370 717 443
238 650 370 717 443
239 650 370 717 443
240 649 369 718 444
241 650 370 717 443
242 650 370 717 443
243 649 370 716 443
244 649 370 716 443
245 649 370 716 443
246 649 370 716 443
247 649 369 716 442
248 649 370 716 443
249 649 369 716 442
250 649 370 715 442
251 650 370 717 443
252 649 370 716 443
253 650 370 716 442
254 650 370 717 443
255 649 370 716 443
256 650 369 717 442
257 649 369 716 442
258 649 370 716 443
259 650 370 716 442
260 650 370 717 443
261 650 370 717 443
262 649 370 716 443
263 650 370 716 442
264 650 370 717 443
265 650 370 717 443
266 650 370 716 442
267 650 370 717 443
268 650 370 717 443
269 649 370 716 443
270 650 370 716 442
271 650 370 717 443
272 650 370 717 443
273 650 369 717 442
274 649 369 716 442
275 649 370 716 443
276 650 369 717 442
277 650 369 717 442
278 650 369 717 442
279 650 369 717 442
280 650 369 717 442
281 650 369 717 442
282 649 369 716 442
283 650 369 716 441
284 650 369 717 442
285 650 369 717 442
286 650 368 717 441
287 650 369 717 442
288 650 369 717 442
289 650 369 717 442
290 649 368 716 441
291 649 369 716 442
292 650 369 716 441
293 650 369 719 444
294 650 368 717 441
295 650 368 716 440
296 650 367 717 440
297 649 368 716 441
298 649 369 716 442
299 649 368 716 441
300 649 369 716 442
301 650 369 716 441
302 650 369 717 442
303 649 368 716 441
304 650 368 717 441
305 651 368 718 441
306 651 369 718 442
307 651 368 718 441
308 652 369 718 441
309 652 369 718 441
310 652 369 718 441
311 651 369 718 442
312 651 369 718 442
313 650 368 717 441
314 650 369 717 442
315 650 369 717 442
316 650 369 717 442
317 650 369 717 442
318 650 369 717 442
319 650 369 717 442
320 650 369 717 442
321 650 369 717 442
322 650 369 717 442
323 649 369 716 442
324 649 369 716 442
325 649 369 716 442
326 649 369 716 442
327 650 368 717 441
328 650 369 717 442
329 649 369 716 442
330 650 369 717 442
331 650 370 717 443
332 650 369 717 442
333 650 369 717 442
334 649 369 716 442
335 649 370 716 443
336 649 369 716 442
337 650 369 717 442
338 650 370 717 443
339 650 369 717 442
340 650 369 717 442
341 650 369 717 442
342 650 370 717 443
343 650 369 717 442
344 650 369 717 442
345 650 369 717 442
346 650 370 717 443
347 650 369 717 442
348 650 369 717 442
349 650 370 717 443
350 650 369 717 442
351 650 369 717 442
