573 -1 -1 -1 -1
0 883 316 965 388
1 883 315 965 387
2 884 314 966 386
3 884 313 964 384
4 884 313 964 384
5 883 312 965 384
6 883 310 965 382
7 884 309 964 380
8 886 309 963 377
9 884 305 963 374
10 885 305 964 374
11 884 303 964 374
12 885 304 964 373
13 885 302 964 371
14 885 300 964 369
15 883 299 963 370
16 885 300 965 371
17 885 300 965 371
18 885 298 965 369
19 883 297 965 369
20 884 296 966 368
21 885 297 965 368
22 886 297 965 366
23 885 295 965 366
24 884 294 966 366
25 884 293 966 365
26 884 293 966 365
27 884 293 966 365
28 883 293 965 365
29 883 293 965 365
30 883 292 965 364
31 883 292 963 363
32 884 291 964 362
33 884 292 963 361
34 884 292 963 361
35 881 291 961 362
36 881 291 961 362
37 881 291 961 362
38 879 292 956 360
39 877 291 956 360
40 876 290 956 361
41 876 291 956 362
42 876 291 956 362
43 877 292 956 361
44 873 291 952 360
45 873 291 950 359
46 873 291 950 359
47 873 290 950 358
48 870 290 947 358
49 870 289 949 358
50 869 289 948 358
51 868 288 950 360
52 870 288 952 360
53 870 288 950 359
54 870 289 949 358
55 869 288 946 356
56 868 287 947 356
57 868 287 948 358
58 869 289 948 358
59 868 287 947 356
60 867 287 946 356
61 867 287 947 358
62 868 287 948 358
63 868 288 948 359
64 867 288 947 359
65 867 288 947 359
66 867 288 947 359
67 867 288 947 359
68 868 288 948 359
69 868 288 948 359
70 868 288 948 359
71 868 288 948 359
72 867 287 949 359
73 867 288 949 360
74 865 287 949 360
75 866 286 950 359
76 866 286 950 359
77 866 286 950 359
78 866 286 950 359
79 867 286 951 359
80 867 286 951 359
81 867 285 951 358
82 867 285 951 358
83 867 285 951 358
84 868 285 952 358
85 868 285 952 358
86 868 285 952 358
87 868 284 952 357
88 869 284 953 357
89 869 283 953 356
90 869 282 953 355
91 870 281 954 354
92 871 280 955 353
93 871 280 955 353
94 871 281 955 354
95 869 279 954 354
96 870 279 955 354
97 870 279 955 354
98 870 278 955 353
99 870 277 955 352
100 869 278 954 353
101 869 277 954 352
102 870 278 955 353
103 871 277 955 350
104 870 278 954 351
105 870 277 954 350
106 870 277 954 350
107 870 277 955 352
108 872 276 956 349
109 871 276 955 349
110 872 276 956 349
111 871 276 955 349
112 871 276 955 349
113 870 276 954 349
114 871 276 955 349
115 870 276 954 349
116 869 276 953 349
117 869 276 953 349
118 869 276 953 349
119 868 277 952 350
120 868 276 952 349
121 867 276 951 349
122 867 276 951 349
123 867 276 951 349
124 867 276 951 349
125 867 276 951 349
126 865 276 949 349
127 864 276 948 349
128 865 276 949 349
129 864 276 948 349
130 864 276 948 349
131 863 276 947 349
132 862 276 946 349
133 861 277 946 352
134 861 277 946 352
135 860 277 945 352
136 860 277 945 352
137 859 277 944 352
138 860 277 945 352
139 859 276 944 351
140 857 276 942 351
141 857 276 941 349
142 856 276 940 349
143 855 274 939 347
144 855 275 939 348
145 854 274 938 347
146 854 275 938 348
147 853 274 937 347
148 853 275 937 348
149 852 274 936 347
150 851 273 936 348
151 851 272 936 347
152 850 273 935 348
153 849 273 934 348
154 849 272 934 347
155 848 272 933 347
156 847 270 932 345
157 847 270 932 345
158 846 269 931 344
159 845 269 930 344
160 845 268 930 343
161 844 268 929 343
162 844 268 929 343
163 843 267 928 342
164 842 266 927 341
165 842 266 927 341
166 841 266 926 341
167 841 266 926 341
168 840 266 925 341
169 838 266 923 341
170 837 266 922 341
171 836 265 921 340
172 837 266 922 341
173 836 265 921 340
174 836 266 920 339
175 835 266 919 339
176 835 266 919 339
177 834 266 918 339
178 834 266 918 339
179 833 265 917 338
180 831 265 915 338
181 830 264 915 339
182 830 265 915 340
183 828 264 913 339
184 828 265 913 340
185 827 265 912 340
186 825 265 910 340
187 824 264 909 339
188 823 265 908 340
189 823 265 908 340
190 823 264 908 339
191 824 267 908 340
192 823 266 907 339
193 822 267 906 340
194 822 267 906 340
195 822 266 906 339
196 821 266 905 339
197 820 266 904 339
198 819 266 903 339
199 818 265 902 338
200 817 265 901 338
201 816 266 900 339
202 816 266 900 339
203 815 265 899 338
204 815 265 899 338
205 814 264 899 339
206 812 265 897 340
207 811 265 896 340
208 811 266 896 341
209 810 264 895 339
210 810 264 895 339
211 810 264 895 339
212 809 263 894 338
213 809 263 894 338
214 809 263 894 338
215 808 262 893 337
216 807 261 892 336
217 806 260 891 335
218 805 259 890 334
219 804 259 889 334
220 805 259 889 332
221 803 258 887 331
222 803 257 887 330
223 801 255 885 328
224 801 254 885 327
225 800 253 884 326
226 800 253 884 326
227 798 251 882 324
228 797 250 881 323
229 796 248 880 321
230 796 246 880 319
231 794 245 878 318
232 794 245 878 318
233 794 244 878 317
234 792 243 876 316
235 790 242 874 315
236 790 240 874 313
237 789 239 873 312
238 789 239 873 312
239 788 238 872 311
240 789 237 873 310
241 787 236 871 309
242 786 235 870 308
243 785 234 869 307
244 785 234 869 307
245 785 233 869 306
246 784 233 868 306
247 783 232 867 305
248 781 231 865 304
249 780 230 864 303
250 780 229 864 302
251 780 229 864 302
252 779 229 863 302
253 778 228 862 301
254 778 227 862 300
255 776 227 860 300
256 776 226 860 299
257 775 226 859 299
258 775 226 857 298
259 774 226 856 298
260 774 226 854 297
261 774 227 853 296
262 773 224 853 295
263 772 225 852 296
264 771 224 851 295
265 771 223 851 294
266 769 222 849 293
267 767 222 847 293
268 766 222 846 293
269 765 222 845 293
270 765 222 845 293
271 764 221 844 292
272 761 221 843 293
273 760 219 842 291
274 760 219 842 291
275 759 219 841 291
276 758 218 840 290
277 758 217 840 289
278 757 216 839 288
279 755 215 837 287
280 755 215 837 287
281 754 215 836 287
282 752 215 834 287
283 752 214 834 286
284 751 214 833 286
285 749 213 831 285
286 749 213 831 285
287 750 213 830 284
288 748 213 828 284
289 747 212 827 283
290 745 212 825 283
291 745 211 825 282
292 744 210 824 281
293 743 211 823 282
294 742 210 822 281
295 740 210 820 281
296 739 209 819 280
297 738 209 818 280
298 737 208 817 279
299 737 207 817 278
300 735 206 815 277
301 734 205 814 276
302 733 203 813 274
303 732 203 812 274
304 732 203 812 274
305 731 202 811 273
306 730 202 810 273
307 729 201 809 272
308 728 201 808 272
309 726 201 806 272
310 726 200 806 271
311 725 200 805 271
312 724 200 804 271
313 722 199 802 270
314 721 198 801 269
315 719 197 799 268
316 719 197 799 268
317 718 196 798 267
318 717 195 797 266
319 716 195 796 266
320 715 194 795 265
321 714 194 794 265
322 715 194 794 263
323 713 194 792 263
324 712 193 791 262
325 711 192 790 261
326 710 193 789 262
327 709 191 788 260
328 709 192 788 261
329 707 191 787 262
330 707 190 787 261
331 706 190 786 261
332 705 189 785 260
333 705 189 784 258
334 704 188 783 257
335 702 188 781 257
336 701 187 780 256
337 701 186 780 255
338 699 186 778 255
339 699 185 778 254
340 699 185 778 254
341 698 184 777 253
342 696 184 775 253
343 695 183 774 252
344 694 182 773 251
345 692 181 771 250
346 692 181 771 250
347 691 181 770 250
348 691 180 770 249
349 690 179 769 248
350 687 179 766 248
351 688 179 765 247
352 687 179 764 247
353 686 179 763 247
354 685 178 762 246
355 684 177 761 245
356 683 176 760 244
357 682 176 759 244
358 682 176 759 244
359 682 176 759 244
360 681 174 758 242
361 680 175 756 242
362 680 174 756 241
363 679 173 755 240
364 679 174 755 241
365 680 173 754 238
366 680 172 754 237
367 677 171 751 236
368 676 171 750 236
369 675 169 749 234
370 675 169 749 234
371 674 169 748 234
372 673 167 747 232
373 672 167 746 232
374 670 167 744 232
375 669 164 743 229
376 670 164 744 229
377 669 164 743 229
378 668 162 742 227
379 667 160 741 225
380 665 159 739 224
381 664 158 738 223
382 664 158 738 223
383 663 156 737 221
384 663 155 737 220
385 661 153 735 218
386 661 153 735 218
387 660 152 734 217
388 660 152 734 217
389 659 151 733 216
390 658 149 732 214
391 657 147 731 212
392 656 147 730 212
393 656 146 730 211
394 656 146 730 211
395 655 145 729 210
396 654 143 728 208
397 653 141 727 206
398 652 140 726 205
399 651 138 725 203
400 651 139 725 204
401 650 137 724 202
402 649 136 723 201
403 648 134 722 199
404 647 133 721 198
405 646 131 720 196
406 647 131 721 196
407 646 130 720 195
408 644 129 720 196
409 643 127 717 192
410 643 127 717 192
411 642 126 716 191
412 643 126 717 191
413 642 125 716 190
414 640 124 714 189
415 640 124 714 189
416 639 123 713 188
417 639 122 713 187
418 639 122 713 187
419 637 120 711 185
420 637 119 711 184
421 636 118 710 183
422 636 117 710 182
423 635 116 709 181
424 635 115 709 180
425 635 115 709 180
426 634 113 708 178
427 633 113 707 178
428 632 111 706 176
429 631 111 705 176
430 631 111 705 176
431 631 110 705 175
432 631 109 705 174
433 630 109 704 174
434 628 107 702 172
435 628 107 702 172
436 628 106 702 171
437 627 106 701 171
438 626 106 700 171
439 626 106 700 171
440 625 106 699 171
441 624 107 698 172
442 624 108 698 173
443 623 108 697 173
444 621 110 695 175
445 620 112 694 177
446 619 117 693 182
447 617 118 691 183
448 618 119 692 184
449 616 124 690 189
450 615 125 689 190
451 614 129 688 194
452 614 133 688 198
453 613 137 687 202
454 613 138 687 203
455 612 140 686 205
456 612 145 686 210
457 611 149 685 214
458 610 152 684 217
459 610 157 684 222
460 610 156 684 221
461 609 160 683 225
462 608 164 682 229
463 607 167 681 232
464 607 171 681 236
465 606 174 680 239
466 606 174 680 239
467 606 177 680 242
468 605 180 679 245
469 604 185 678 250
470 603 187 677 252
471 602 190 676 255
472 602 190 676 255
473 601 194 675 259
474 601 198 675 263
475 600 201 674 266
476 599 205 673 270
477 598 207 672 272
478 598 208 672 273
479 597 210 671 275
480 596 214 670 279
481 596 218 670 283
482 595 220 669 285
483 595 224 669 289
484 595 223 669 288
485 594 227 668 292
486 593 229 667 294
487 592 232 666 297
488 592 235 666 300
489 591 238 665 303
490 591 238 665 303
491 590 242 664 307
492 590 244 664 309
493 589 247 663 312
494 588 250 662 315
495 588 252 662 317
496 587 252 661 317
497 587 256 661 321
498 586 258 660 323
499 585 261 659 326
500 585 264 659 329
501 584 266 658 331
502 585 266 659 331
503 584 269 658 334
504 584 272 658 337
505 583 273 657 338
506 583 276 657 341
507 581 279 655 344
508 581 278 655 343
509 581 280 655 345
510 580 283 654 348
511 579 286 653 351
512 579 288 653 353
513 579 290 653 355
514 578 290 652 355
515 578 292 652 357
516 577 294 651 359
517 577 296 651 361
518 577 298 651 363
519 577 300 651 365
520 576 301 650 366
521 575 302 649 367
522 576 304 650 369
523 576 306 650 371
524 576 308 650 373
525 575 309 649 374
526 574 310 648 375
527 574 311 648 376
528 573 314 647 379
529 572 315 646 380
530 571 319 645 384
531 570 320 644 385
532 569 321 643 386
533 569 322 643 387
534 569 324 645 391
535 566 324 642 391
536 566 326 642 393
537 566 327 642 394
538 565 328 641 395
539 565 329 641 396
540 564 330 640 397
541 563 333 639 400
542 563 334 639 401
543 563 335 639 402
544 563 335 639 402
545 562 335 638 402
546 561 337 637 404
547 561 339 637 406
548 561 340 637 407
549 561 341 637 408
550 560 341 636 408
551 560 341 636 408
552 560 343 636 410
553 559 344 635 411
554 558 345 634 412
555 558 345 634 412
556 559 345 635 412
557 558 346 634 413
558 558 347 634 414
559 558 347 634 414
560 557 348 633 415
561 557 348 633 415
562 557 349 633 416
563 557 349 633 416
564 556 350 632 417
565 556 350 632 417
566 556 351 632 418
567 555 351 631 418
568 555 351 631 418
569 554 351 630 418
570 553 353 629 420
571 553 353 629 420
572 553 353 629 420
