253 -1 -1 -1 -1
0 560 308 630 372
1 560 308 630 372
2 561 309 631 373
3 561 309 631 373
4 560 309 631 374
5 562 311 632 375
6 563 312 632 375
7 562 311 632 375
8 563 311 633 375
9 562 312 632 376
10 562 312 633 377
11 563 312 634 377
12 564 313 635 378
13 563 313 636 380
14 561 312 637 381
15 562 313 636 381
16 561 312 638 383
17 562 310 639 381
18 562 309 641 381
19 563 308 640 379
20 563 305 642 377
21 562 305 642 379
22 562 303 642 377
23 563 300 642 372
24 563 296 642 368
25 564 293 643 365
26 565 291 642 362
27 565 291 642 362
28 565 288 644 360
29 566 284 645 356
30 566 281 646 355
31 566 278 648 353
32 566 276 648 351
33 566 276 648 351
34 566 274 648 349
35 567 271 649 346
36 567 270 647 344
37 566 268 646 342
38 567 266 647 340
39 567 266 647 340
40 567 264 647 338
41 566 262 648 337
42 565 260 649 336
43 566 258 648 333
44 567 257 649 332
45 568 257 650 332
46 568 256 652 332
47 570 253 654 329
48 572 252 656 328
49 570 252 652 327
50 572 251 652 325
51 571 252 651 326
52 573 250 653 324
53 573 249 655 324
54 573 249 655 324
55 573 249 653 323
56 573 248 653 322
57 573 248 653 322
58 574 248 653 320
59 575 246 654 318
60 577 246 656 318
61 579 245 658 317
62 582 245 661 317
63 582 245 661 317
64 581 245 660 317
65 580 243 660 317
66 578 243 660 318
67 579 242 659 316
68 577 242 657 316
69 577 242 657 316
70 577 242 657 316
71 576 241 656 315
72 576 239 656 313
73 575 238 655 312
74 575 236 657 311
75 574 236 658 312
76 574 234 658 310
77 573 232 657 308
78 573 230 657 306
79 573 229 657 305
80 574 228 658 304
81 574 228 658 304
82 574 227 658 303
83 575 227 657 302
84 576 226 658 301
85 576 224 658 299
86 577 223 657 297
87 577 223 657 297
88 577 223 657 297
89 577 223 657 297
90 578 222 658 296
91 579 221 659 295
92 579 221 659 295
93 579 221 659 295
94 579 221 659 295
95 580 221 660 295
96 580 220 660 294
97 580 220 660 294
98 580 220 660 294
99 580 220 660 294
100 580 219 660 293
101 583 219 662 291
102 584 219 663 291
103 584 217 664 291
104 583 218 663 292
105 583 218 663 292
106 583 218 663 292
107 584 218 664 292
108 584 218 664 292
109 584 218 663 290
110 585 218 664 290
111 586 218 665 290
112 585 217 665 291
113 586 218 665 290
114 586 217 665 289
115 587 217 664 288
116 587 215 666 287
117 587 215 666 287
118 587 214 666 286
119 587 212 666 284
120 588 212 667 284
121 588 210 667 282
122 588 208 667 280
123 587 207 666 279
124 590 207 667 278
125 590 206 667 277
126 590 204 667 275
127 592 204 668 273
128 593 203 667 271
129 593 203 666 270
130 593 203 666 270
131 593 203 666 270
132 594 205 665 270
133 596 209 666 273
134 596 212 666 276
135 596 211 666 275
136 597 214 667 278
137 597 219 667 283
138 597 224 667 288
139 598 229 668 293
140 598 235 668 299
141 598 235 668 299
142 598 242 668 306
143 599 241 669 305
144 598 233 668 297
145 598 227 668 291
146 598 219 668 283
147 597 220 667 284
148 597 215 667 279
149 597 209 667 273
150 597 204 667 268
151 597 200 667 264
152 597 195 667 259
153 597 195 667 259
154 597 190 667 254
155 596 186 666 250
156 597 184 667 248
157 598 181 667 244
158 597 177 666 240
159 597 177 666 240
160 596 173 666 237
161 597 172 667 236
162 597 168 667 232
163 596 164 667 229
164 596 161 666 225
165 597 161 667 225
166 597 157 667 221
167 597 154 667 218
168 597 151 666 214
169 597 147 666 210
170 597 144 666 207
171 598 144 667 207
172 597 140 666 203
173 598 137 667 200
174 599 134 666 196
175 599 131 666 193
176 599 128 666 190
177 600 129 666 189
178 599 125 665 185
179 599 122 665 182
180 600 121 665 180
181 602 120 665 178
182 601 117 664 175
183 601 116 664 174
184 601 115 664 173
185 602 113 665 171
186 602 112 665 170
187 602 112 665 170
188 602 112 665 170
189 602 112 665 170
190 602 112 665 170
191 602 113 665 171
192 602 113 665 171
193 603 112 666 170
194 602 112 665 170
195 602 112 665 170
196 602 112 665 170
197 602 112 665 170
198 602 112 665 170
199 602 112 665 170
200 602 112 665 170
201 602 113 665 171
202 602 113 665 171
203 602 113 665 171
204 602 113 665 171
205 602 113 665 171
206 602 113 665 171
207 602 113 665 171
208 602 113 665 171
209 603 113 666 171
210 602 113 665 171
211 601 112 666 171
212 601 113 666 172
213 601 113 666 172
214 601 112 666 171
215 601 113 664 171
216 601 113 664 171
217 601 112 664 170
218 601 112 664 170
219 601 112 664 170
220 601 113 664 171
221 601 113 664 171
222 602 113 665 171
223 601 113 664 171
224 601 113 664 171
225 601 113 664 171
226 601 113 664 171
227 602 113 665 171
228 601 113 664 171
229 601 113 664 171
230 601 113 664 171
231 601 113 664 171
232 602 113 665 171
233 601 113 664 171
234 601 113 664 171
235 601 113 664 171
236 601 113 664 171
237 602 113 665 171
238 601 113 664 171
239 602 113 665 171
240 602 114 664 171
241 602 113 664 170
242 602 113 664 170
243 602 113 664 170
244 601 112 664 170
245 601 113 663 170
246 601 113 663 170
247 601 113 663 170
248 601 113 663 170
249 601 112 663 169
250 602 113 664 170
251 602 113 664 170
252 602 113 664 170
