367 -1 -1 -1 -1
0 411 397 502 479
1 411 397 502 479
2 411 396 502 478
3 412 395 503 477
4 411 393 502 475
5 410 390 503 474
6 411 389 504 473
7 410 389 503 473
8 413 387 504 469
9 414 388 500 465
10 414 385 501 464
11 414 383 501 462
12 414 381 501 460
13 413 381 500 460
14 413 379 502 459
15 415 378 501 455
16 414 375 500 452
17 416 375 498 449
18 414 373 498 449
19 414 373 498 449
20 414 372 496 446
21 414 370 498 446
22 411 367 498 446
23 411 367 498 446
24 411 367 498 446
25 411 367 498 446
26 410 367 497 446
27 410 366 497 445
28 410 366 499 446
29 411 367 498 446
30 408 363 499 445
31 409 364 500 446
32 409 365 500 447
33 409 366 498 446
34 410 367 497 446
35 411 366 498 445
36 410 367 499 447
37 411 366 500 446
38 409 366 498 446
39 409 365 500 447
40 409 366 500 448
41 407 365 500 449
42 408 367 499 449
43 408 367 497 447
44 408 366 499 448
45 408 365 499 447
46 407 365 498 447
47 406 365 497 447
48 407 364 498 446
49 408 365 499 447
50 408 364 499 446
51 408 363 499 445
52 408 362 499 444
53 408 360 501 444
54 409 361 502 445
55 409 361 502 445
56 410 361 503 445
57 411 359 504 443
58 411 358 504 442
59 412 357 503 439
60 412 355 503 437
61 411 355 502 437
62 411 355 502 437
63 412 354 501 434
64 412 351 501 431
65 412 350 501 430
66 413 348 500 427
67 412 348 499 427
68 410 347 499 427
69 409 347 498 427
70 409 345 500 427
71 410 344 499 424
72 411 344 500 424
73 411 343 502 425
74 410 343 501 425
75 411 341 502 423
76 411 341 502 423
77 413 340 504 422
78 413 340 504 422
79 414 340 505 422
80 413 340 504 422
81 412 339 503 421
82 413 339 504 421
83 416 338 507 420
84 415 339 506 421
85 417 340 506 420
86 417 340 506 420
87 416 339 505 419
88 418 339 507 419
89 418 338 507 418
90 421 338 510 418
91 421 338 510 418
92 419 337 508 417
93 420 336 509 416
94 421 335 510 415
95 421 334 510 414
96 422 333 511 413
97 422 332 511 412
98 422 331 511 411
99 422 329 511 409
100 422 326 511 406
101 424 323 513 403
102 424 321 513 401
103 424 320 513 400
104 424 319 511 398
105 424 316 511 395
106 425 315 512 394
107 430 314 517 393
108 430 311 516 388
109 430 311 516 388
110 426 306 512 383
111 427 304 513 381
112 429 302 515 379
113 433 300 519 377
114 434 299 520 376
115 434 298 520 375
116 434 295 520 372
117 434 291 521 370
118 439 291 525 368
119 443 287 529 364
120 445 286 531 363
121 444 285 530 362
122 441 283 527 360
123 446 282 532 359
124 445 278 531 355
125 454 277 540 354
126 458 276 542 352
127 457 275 541 351
128 454 272 538 348
129 455 270 539 346
130 457 268 541 344
131 456 265 540 341
132 462 263 546 339
133 461 262 545 338
134 462 261 546 337
135 462 258 546 334
136 461 258 545 334
137 462 257 546 333
138 462 255 546 331
139 462 255 546 331
140 464 253 548 329
141 467 252 551 328
142 470 249 554 325
143 474 245 558 321
144 476 245 560 321
145 476 245 560 321
146 473 243 557 319
147 475 240 559 316
148 477 239 561 315
149 478 238 562 314
150 478 236 562 312
151 479 236 563 312
152 479 234 563 310
153 478 232 562 308
154 480 232 564 308
155 479 230 563 306
156 479 228 563 304
157 480 228 564 304
158 480 227 564 303
159 480 226 564 302
160 482 225 564 299
161 483 223 565 297
162 483 221 567 297
163 483 221 567 297
164 483 220 567 296
165 483 219 567 295
166 483 218 567 294
167 484 217 568 293
168 484 217 568 293
169 484 216 568 292
170 484 216 568 292
171 484 216 566 290
172 485 215 567 289
173 486 215 568 289
174 486 215 568 289
175 486 215 568 289
176 485 216 567 290
177 485 216 567 290
178 485 215 567 289
179 486 214 568 288
180 486 213 568 287
181 486 214 568 288
182 487 213 569 287
183 487 214 569 288
184 487 214 569 288
185 487 213 569 287
186 486 213 568 287
187 485 212 569 288
188 486 213 570 289
189 487 213 571 289
190 487 214 571 290
191 487 212 571 288
192 487 211 571 287
193 487 212 571 288
194 487 211 571 287
195 488 212 572 288
196 488 210 572 286
197 489 210 573 286
198 490 210 574 286
199 490 210 574 286
200 490 209 574 285
201 491 209 575 285
202 492 208 576 284
203 493 207 579 284
204 494 207 580 284
205 493 207 579 284
206 494 206 580 283
207 495 205 581 282
208 496 204 582 281
209 497 204 583 281
210 498 203 584 280
211 498 203 584 280
212 499 203 585 280
213 500 201 586 278
214 502 202 586 278
215 502 201 586 277
216 502 201 586 277
217 502 200 586 276
218 502 200 586 276
219 503 200 587 276
220 504 200 586 274
221 505 199 587 273
222 506 198 588 272
223 505 198 589 274
224 505 196 589 272
225 506 196 590 272
226 507 194 591 270
227 508 193 592 269
228 509 191 593 267
229 510 190 594 266
230 510 190 594 266
231 511 190 595 266
232 512 189 594 263
233 513 190 595 264
234 514 190 596 264
235 514 191 596 265
236 515 191 597 265
237 516 191 598 265
238 517 191 599 265
239 516 191 598 265
240 517 193 599 267
241 517 193 599 267
242 517 194 599 268
243 517 196 599 270
244 518 198 600 272
245 519 201 601 275
246 520 204 602 278
247 519 203 601 277
248 520 206 602 280
249 520 210 602 284
250 520 212 604 288
251 521 213 605 289
252 520 217 604 293
253 520 217 604 293
254 520 218 604 294
255 521 221 605 297
256 522 225 606 301
257 525 230 609 306
258 522 231 606 307
259 524 231 608 307
260 522 235 606 311
261 523 237 607 313
262 525 234 609 310
263 527 233 611 309
264 529 234 613 310
265 529 235 613 311
266 530 235 614 311
267 533 237 615 311
268 536 239 618 313
269 538 240 620 314
270 543 243 625 317
271 542 242 624 316
272 544 243 626 317
273 547 244 629 318
274 548 244 630 318
275 550 246 632 320
276 552 247 634 321
277 551 247 633 321
278 554 248 636 322
279 556 249 638 323
280 558 250 640 324
281 559 252 641 326
282 561 253 643 327
283 561 253 643 327
284 563 253 645 327
285 565 255 647 329
286 567 255 649 329
287 569 256 651 330
288 570 257 652 331
289 570 257 652 331
290 571 257 653 331
291 573 258 655 332
292 576 260 658 334
293 578 261 660 335
294 580 262 662 336
295 579 262 661 336
296 581 263 663 337
297 582 264 664 338
298 584 264 666 338
299 585 266 667 340
300 587 267 669 341
301 587 267 669 341
302 588 268 670 342
303 589 268 671 342
304 590 269 672 343
305 593 270 675 344
306 593 271 675 345
307 594 271 676 345
308 595 272 677 346
309 596 273 678 347
310 598 273 680 347
311 599 273 681 347
312 599 274 681 348
313 600 274 682 348
314 601 274 683 348
315 601 275 683 349
316 602 276 684 350
317 603 276 685 350
318 603 277 685 351
319 604 277 686 351
320 604 278 686 352
321 605 279 687 353
322 605 279 687 353
323 606 280 688 354
324 607 280 689 354
325 607 280 689 354
326 608 280 690 354
327 608 280 690 354
328 609 281 691 355
329 609 281 691 355
330 609 282 691 356
331 609 282 691 356
332 610 283 692 357
333 610 284 692 358
334 610 284 692 358
335 610 284 692 358
336 611 284 693 358
337 611 284 693 358
338 612 285 694 359
339 612 285 694 359
340 612 285 694 359
341 612 285 694 359
342 613 285 695 359
343 613 285 695 359
344 613 285 695 359
345 613 285 695 359
346 613 285 695 359
347 614 285 696 359
348 614 285 696 359
349 614 285 696 359
350 614 285 696 359
351 614 285 696 359
352 614 285 696 359
353 614 285 696 359
354 613 285 695 359
355 614 285 696 359
356 614 285 696 359
357 613 285 695 359
358 614 285 696 359
359 613 285 695 359
360 614 284 696 358
361 614 284 696 358
362 614 284 696 358
363 614 284 696 358
364 614 284 696 358
365 614 284 696 358
366 614 284 696 358
