649 -1 -1 -1 -1
0 855 345 934 411
1 855 345 934 411
2 857 346 933 409
3 856 346 932 409
4 858 346 932 408
5 856 343 935 409
6 856 345 933 410
7 856 346 933 411
8 858 347 932 409
9 857 346 931 408
10 857 344 934 409
11 860 345 937 410
12 860 346 936 409
13 858 346 932 408
14 863 345 937 407
15 863 346 936 407
16 862 345 938 408
17 862 346 936 408
18 859 346 935 409
19 861 345 937 408
20 861 346 935 408
21 860 346 934 408
22 862 345 939 410
23 861 345 940 411
24 864 346 940 409
25 862 346 938 409
26 862 345 938 408
27 864 346 937 407
28 864 344 940 407
29 863 344 940 409
30 864 344 943 410
31 864 344 943 410
32 866 343 945 409
33 865 343 944 409
34 866 343 945 409
35 867 342 946 408
36 865 342 944 408
37 865 341 944 407
38 866 340 945 406
39 866 340 945 406
40 865 339 946 406
41 865 339 946 406
42 865 339 946 406
43 866 340 945 406
44 866 339 945 405
45 866 338 945 404
46 868 337 947 403
47 869 337 946 402
48 872 336 948 399
49 871 335 947 398
50 869 336 943 398
51 869 336 942 397
52 866 337 940 399
53 868 335 942 397
54 869 334 943 396
55 869 335 942 396
56 869 336 943 398
57 869 336 943 398
58 869 335 943 397
59 869 335 943 397
60 873 335 947 397
61 874 335 948 397
62 872 336 946 398
63 872 335 946 397
64 871 335 947 398
65 871 335 947 398
66 871 335 947 398
67 871 335 947 398
68 871 335 947 398
69 870 334 947 399
70 871 335 948 400
71 874 335 950 398
72 873 333 950 398
73 874 332 951 397
74 874 332 951 397
75 874 332 951 397
76 874 331 951 396
77 874 331 951 396
78 874 331 951 396
79 875 329 952 394
80 877 327 954 392
81 876 326 953 391
82 876 324 953 389
83 874 321 951 386
84 873 317 950 382
85 874 314 950 377
86 873 310 949 373
87 873 310 949 373
88 874 308 950 371
89 873 305 949 368
90 873 300 949 363
91 875 296 949 358
92 876 294 950 356
93 876 294 950 356
94 874 292 950 355
95 875 290 951 353
96 875 288 951 351
97 875 287 951 350
98 876 286 952 349
99 876 287 952 350
100 875 287 951 350
101 875 287 951 350
102 876 288 950 350
103 875 288 949 350
104 874 289 948 351
105 874 288 950 351
106 874 290 950 353
107 875 291 951 354
108 874 294 950 357
109 875 293 951 356
110 874 294 951 359
111 875 294 952 359
112 875 295 952 360
113 875 296 952 361
114 876 297 952 360
115 873 297 949 360
116 873 296 949 359
117 873 295 950 360
118 874 297 951 362
119 873 297 950 362
120 872 298 949 363
121 873 298 950 363
122 872 299 949 364
123 872 299 949 364
124 871 299 948 364
125 871 300 948 365
126 871 301 947 364
127 870 301 946 364
128 870 301 946 364
129 869 301 945 364
130 868 301 944 364
131 869 302 945 365
132 868 302 944 365
133 868 303 944 366
134 867 303 943 366
135 867 304 943 367
136 868 303 944 366
137 868 303 944 366
138 867 303 943 366
139 867 303 943 366
140 867 304 943 367
141 866 303 942 366
142 866 303 942 366
143 867 303 943 366
144 866 303 942 366
145 865 304 941 367
146 865 304 941 367
147 865 303 941 366
148 865 304 941 367
149 864 304 940 367
150 867 306 943 369
151 867 305 943 368
152 865 306 941 369
153 865 306 941 369
154 865 307 941 370
155 864 306 940 369
156 864 307 940 370
157 865 308 941 371
158 866 308 942 371
159 866 308 942 371
160 864 309 940 372
161 864 310 940 373
162 863 310 939 373
163 863 311 939 374
164 863 311 939 374
165 863 312 939 375
166 863 313 939 376
167 860 314 936 377
168 860 314 936 377
169 860 314 936 377
170 860 315 936 378
171 860 315 936 378
172 860 315 936 378
173 859 315 935 378
174 858 316 934 379
175 858 316 934 379
176 858 316 934 379
177 858 316 934 379
178 857 316 933 379
179 857 317 931 379
180 856 318 930 380
181 858 318 932 380
182 855 319 929 381
183 855 319 929 381
184 853 318 929 381
185 853 319 929 382
186 853 319 929 382
187 853 320 929 383
188 853 320 929 383
189 853 320 929 383
190 853 320 929 383
191 851 320 927 383
192 851 320 927 383
193 850 321 926 384
194 850 321 926 384
195 851 320 927 383
196 850 321 926 384
197 850 322 926 385
198 849 321 926 386
199 849 323 925 386
200 848 324 924 387
201 848 323 924 386
202 848 324 924 387
203 847 324 923 387
204 847 325 923 388
205 847 325 923 388
206 847 325 923 388
207 846 324 922 387
208 846 325 922 388
209 846 325 922 388
210 846 326 922 389
211 846 326 922 389
212 845 326 921 389
213 845 326 921 389
214 846 325 922 388
215 845 323 921 386
216 844 322 920 385
217 842 321 918 384
218 841 320 917 383
219 841 319 917 382
220 841 317 917 380
221 840 315 917 380
222 840 314 917 379
223 839 314 916 379
224 839 313 915 376
225 839 312 915 375
226 839 311 915 374
227 838 309 914 372
228 838 309 912 371
229 837 308 911 370
230 836 306 910 368
231 837 305 911 367
232 836 304 910 366
233 836 303 910 365
234 836 302 910 364
235 835 301 909 363
236 835 299 909 361
237 835 300 909 362
238 835 299 909 361
239 834 298 908 360
240 832 296 906 358
241 832 295 906 357
242 831 294 905 356
243 831 293 905 355
244 830 292 904 354
245 829 291 903 353
246 828 288 902 350
247 828 287 902 349
248 827 286 901 348
249 827 286 901 348
250 827 285 901 347
251 827 283 901 345
252 826 281 900 343
253 823 280 897 342
254 823 279 897 341
255 823 278 897 340
256 822 277 896 339
257 822 275 896 337
258 821 274 895 336
259 819 273 893 335
260 818 272 892 334
261 817 272 891 334
262 817 270 891 332
263 817 270 890 331
264 816 269 889 330
265 816 267 889 328
266 814 266 887 327
267 814 266 887 327
268 814 265 887 326
269 811 263 884 324
270 811 262 884 323
271 808 260 882 322
272 806 257 880 319
273 806 257 880 319
274 806 255 880 317
275 803 253 879 316
276 802 252 876 314
277 800 250 874 312
278 800 249 873 310
279 800 249 872 309
280 798 248 870 308
281 797 245 869 305
282 796 244 868 304
283 794 241 866 301
284 793 238 865 298
285 793 238 865 298
286 791 235 863 295
287 789 235 861 295
288 787 231 859 291
289 786 229 858 289
290 786 227 856 286
291 785 228 855 287
292 784 226 854 285
293 782 223 852 282
294 779 220 849 279
295 778 218 848 277
296 776 217 846 276
297 776 217 846 276
298 775 215 845 274
299 774 213 844 272
300 772 210 844 270
301 771 207 843 267
302 768 205 840 265
303 768 205 840 265
304 767 204 839 264
305 765 201 837 261
306 763 200 835 260
307 761 198 833 258
308 760 196 832 256
309 760 195 833 256
310 758 195 831 256
311 756 194 829 255
312 756 193 829 254
313 754 191 827 252
314 753 190 826 251
315 753 190 826 251
316 752 189 825 250
317 750 190 823 251
318 748 188 821 249
319 747 189 820 250
320 745 189 818 250
321 744 189 817 250
322 744 189 817 250
323 742 189 815 250
324 740 189 813 250
325 739 189 812 250
326 738 189 811 250
327 739 190 812 251
328 736 189 809 250
329 736 189 809 250
330 734 190 807 251
331 733 190 806 251
332 731 191 803 251
333 731 191 803 251
334 731 191 803 251
335 729 191 801 251
336 728 191 800 251
337 726 192 798 252
338 725 192 797 252
339 725 192 797 252
340 724 192 796 252
341 723 192 795 252
342 721 192 793 252
343 720 192 792 252
344 717 192 789 252
345 717 192 789 252
346 716 192 788 252
347 713 192 785 252
348 714 192 786 252
349 713 192 785 252
350 711 193 783 253
351 712 193 784 253
352 710 193 782 253
353 709 194 781 254
354 708 195 780 255
355 707 196 779 256
356 705 197 777 257
357 705 197 777 257
358 704 197 776 257
359 703 199 775 259
360 703 200 775 260
361 701 202 773 262
362 700 202 772 262
363 702 202 772 261
364 700 204 770 263
365 699 206 769 265
366 698 206 768 265
367 696 207 766 266
368 695 209 765 268
369 694 207 764 266
370 693 210 763 269
371 692 211 762 270
372 690 211 760 270
373 687 210 759 270
374 685 211 757 271
375 685 211 757 271
376 685 211 757 271
377 683 213 755 273
378 682 214 754 274
379 682 215 754 275
380 680 215 752 275
381 681 215 753 275
382 680 216 752 276
383 679 218 751 278
384 678 218 750 278
385 677 219 749 279
386 676 219 748 279
387 677 220 747 279
388 676 220 746 279
389 676 222 745 279
390 675 222 744 279
391 675 222 744 279
392 673 223 742 280
393 673 224 742 281
394 673 225 742 282
395 671 226 740 283
396 671 226 740 283
397 669 228 738 285
398 668 228 738 287
399 668 228 738 287
400 667 229 737 288
401 666 230 735 287
402 666 230 735 287
403 665 232 734 289
404 664 232 733 289
405 664 233 733 290
406 663 234 732 291
407 663 234 732 291
408 662 235 731 292
409 661 236 730 293
410 660 237 729 294
411 661 237 730 294
412 659 238 728 295
413 660 241 729 298
414 658 241 728 300
415 658 243 728 302
416 658 245 728 304
417 657 245 727 304
418 657 246 727 305
419 657 247 727 306
420 656 246 726 305
421 656 248 726 307
422 655 249 725 308
423 655 250 725 309
424 655 251 725 310
425 654 251 724 310
426 655 253 725 312
427 654 255 724 314
428 653 259 723 318
429 653 259 723 318
430 653 261 723 320
431 653 261 723 320
432 653 263 723 322
433 652 264 722 323
434 648 263 718 322
435 648 263 718 322
436 647 266 717 325
437 648 267 717 324
438 646 268 716 327
439 646 271 716 330
440 645 272 715 331
441 645 272 715 331
442 644 275 714 334
443 644 277 714 336
444 645 278 715 337
445 645 280 715 339
446 644 282 714 341
447 644 282 714 341
448 643 284 713 343
449 643 287 713 346
450 642 288 712 347
451 641 290 711 349
452 641 292 711 351
453 641 293 711 352
454 640 293 710 352
455 639 296 709 355
456 639 299 709 358
457 638 302 708 361
458 639 305 709 364
459 638 305 708 364
460 636 308 706 367
461 636 311 706 370
462 635 313 705 372
463 635 316 705 375
464 635 318 705 377
465 635 319 705 378
466 635 322 705 381
467 634 323 704 382
468 634 326 704 385
469 634 328 704 387
470 634 331 704 390
471 633 331 705 391
472 634 334 706 394
473 631 337 701 396
474 632 339 702 398
475 631 342 701 401
476 630 344 700 403
477 629 344 699 403
478 629 346 699 405
479 628 349 698 408
480 629 352 699 411
481 628 354 698 413
482 628 357 698 416
483 628 357 698 416
484 628 360 698 419
485 628 362 698 421
486 628 363 698 422
487 627 367 697 426
488 627 370 697 429
489 627 370 697 429
490 626 372 696 431
491 626 374 696 433
492 625 377 695 436
493 625 379 695 438
494 624 381 694 440
495 624 382 694 441
496 624 384 694 443
497 624 387 694 446
498 622 388 692 447
499 622 390 692 449
500 622 392 692 451
501 622 392 692 451
502 621 394 691 453
503 622 397 692 456
504 623 399 693 458
505 620 401 690 460
506 620 405 690 464
507 620 404 690 463
508 618 406 688 465
509 619 408 689 467
510 618 409 688 468
511 618 411 688 470
512 618 414 688 473
513 618 413 690 473
514 616 413 688 473
515 616 416 688 476
516 615 418 687 478
517 615 421 687 481
518 615 423 687 483
519 614 423 686 483
520 614 424 686 484
521 613 426 685 486
522 613 427 685 487
523 613 430 683 489
524 613 431 683 490
525 613 431 683 490
526 613 433 683 492
527 612 434 682 493
528 612 435 682 494
529 611 436 681 495
530 611 436 681 495
531 611 436 681 495
532 610 437 680 496
533 611 437 681 496
534 610 438 680 497
535 610 438 680 497
536 609 440 679 499
537 609 440 679 499
538 609 441 679 500
539 609 441 679 500
540 610 441 680 500
541 609 442 679 501
542 609 441 679 500
543 609 442 679 501
544 608 442 678 501
545 608 442 678 501
546 608 443 677 500
547 607 443 676 500
548 607 443 676 500
549 607 443 676 500
550 606 443 675 500
551 606 443 675 500
552 607 444 676 501
553 606 444 675 501
554 606 444 675 501
555 605 443 675 502
556 605 444 675 503
557 605 444 675 503
558 606 444 676 503
559 606 445 676 504
560 605 445 675 504
561 606 444 676 503
562 606 445 676 504
563 605 444 675 503
564 605 445 675 504
565 605 445 675 504
566 605 445 675 504
567 605 445 675 504
568 605 445 675 504
569 605 444 675 503
570 605 445 674 502
571 605 444 674 501
572 605 445 672 501
573 606 444 673 500
574 606 445 673 501
575 606 445 673 501
576 605 444 674 501
577 605 444 672 500
578 606 444 673 500
579 606 445 672 500
580 606 444 672 499
581 606 444 672 499
582 605 445 671 500
583 605 444 671 499
584 605 444 671 499
585 605 445 671 500
586 605 445 671 500
587 606 445 671 499
588 606 445 672 500
589 606 445 672 500
590 606 445 672 500
591 606 445 672 500
592 606 445 672 500
593 606 445 672 500
594 606 445 672 500
595 606 444 672 499
596 605 444 672 500
597 606 445 672 500
598 606 444 673 500
599 605 445 672 501
600 605 445 672 501
601 606 445 673 501
602 606 446 673 502
603 606 445 675 502
604 606 446 673 502
605 606 445 675 502
606 606 445 675 502
607 605 445 674 502
608 606 446 673 502
609 606 446 673 502
610 606 445 675 502
611 606 445 675 502
612 606 446 673 502
613 606 446 673 502
614 606 445 675 502
615 606 446 673 502
616 606 445 675 502
617 606 446 673 502
618 606 446 673 502
619 606 445 675 502
620 606 446 673 502
621 606 446 673 502
622 606 445 673 501
623 606 446 673 502
624 606 446 673 502
625 606 446 673 502
626 606 446 673 502
627 606 446 673 502
628 606 446 673 502
629 606 446 673 502
630 606 445 673 501
631 606 446 673 502
632 605 446 672 502
633 605 445 672 501
634 605 445 674 502
635 606 446 673 502
636 605 446 672 502
637 605 446 672 502
638 605 446 672 502
639 606 446 673 502
640 606 446 673 502
641 606 446 673 502
642 606 446 673 502
643 606 446 673 502
644 606 446 673 502
645 606 445 673 501
646 606 446 673 502
647 606 446 673 502
648 606 446 673 502
